50 1.01555e-10 7.92766e-09 50 -1.94577e-12 9.65546e-10
0 0 0
0 1 0
0 2 0
0 3 0
0 4 0
0 5 0
0 6 0
0 7 0
0 8 0
0 9 0
0 10 0
0 11 0
0 12 0
0 13 0
0 14 0
0 15 0
0 16 0
0 17 0
0 18 0
0 19 0
0 20 0
0 21 0
0 22 0
0 23 0
0 24 0
0 25 0
0 26 0
0 27 0
0 28 0
0 29 0
0 30 0
0 31 0
0 32 0
0 33 0
0 34 0
0 35 0
0 36 0
0 37 0
0 38 0
0 39 0
0 40 0
0 41 0
0 42 0
0 43 0
0 44 0
0 45 0
0 46 0
0 47 0
0 48 0
0 49 0
0 50 0
1 0 0
1 1 7.33104
1 2 7.25257
1 3 7.17231
1 4 7.09536
1 5 7.02284
1 6 6.95489
1 7 6.89267
1 8 6.8375
1 9 6.78976
1 10 6.75093
1 11 6.72154
1 12 6.69771
1 13 6.68288
1 14 6.67743
1 15 6.68175
1 16 6.69474
1 17 6.71521
1 18 6.74328
1 19 6.77885
1 20 6.82082
1 21 6.86923
1 22 6.92321
1 23 6.98264
1 24 7.04726
1 25 7.1147
1 26 7.18579
1 27 7.26038
1 28 7.33771
1 29 7.41805
1 30 7.50176
1 31 7.58936
1 32 7.68146
1 33 7.77855
1 34 7.88091
1 35 7.98864
1 36 8.10178
1 37 8.22033
1 38 8.34428
1 39 8.47365
1 40 8.60842
1 41 8.7486
1 42 8.8942
1 43 9.0452
1 44 9.20161
1 45 9.36343
1 46 9.53065
1 47 9.70329
1 48 9.88134
1 49 10.0648
1 50 0
2 0 0
2 1 6.54698
2 2 6.44343
2 3 6.33999
2 4 6.24476
2 5 6.16034
2 6 6.08474
2 7 6.01881
2 8 5.96477
2 9 5.92142
2 10 5.89004
2 11 5.87134
2 12 5.85724
2 13 5.85324
2 14 5.85972
2 15 5.87678
2 16 5.90337
2 17 5.93688
2 18 5.97766
2 19 6.0267
2 20 6.08229
2 21 6.1443
2 22 6.2132
2 23 6.29027
2 24 6.37326
2 25 6.45911
2 26 6.55269
2 27 6.65294
2 28 6.75818
2 29 6.86915
2 30 6.98454
2 31 7.10154
2 32 7.21746
2 33 7.33124
2 34 7.44424
2 35 7.55859
2 36 7.67639
2 37 7.79898
2 38 7.92685
2 39 8.06012
2 40 8.19879
2 41 8.34287
2 42 8.49235
2 43 8.64725
2 44 8.80756
2 45 8.97328
2 46 9.1444
2 47 9.32094
2 48 9.50288
2 49 9.69022
2 50 0
3 0 0
3 1 5.61294
3 2 5.5032
3 3 5.39574
3 4 5.29916
3 5 5.21549
3 6 5.14388
3 7 5.08464
3 8 5.0386
3 9 5.0045
3 10 4.9826
3 11 4.97258
3 12 4.97271
3 13 4.98297
3 14 5.00321
3 15 5.03293
3 16 5.0719
3 17 5.11869
3 18 5.17279
3 19 5.23443
3 20 5.3027
3 21 5.37702
3 22 5.45778
3 23 5.54678
3 24 5.63863
3 25 5.73439
3 26 5.83836
3 27 5.94784
3 28 6.06349
3 29 6.19057
3 30 6.32761
3 31 6.47239
3 32 6.62104
3 33 6.77311
3 34 6.92698
3 35 7.07858
3 36 7.2238
3 37 7.36345
3 38 7.50043
3 39 7.63898
3 40 7.78197
3 41 7.93025
3 42 8.08393
3 43 8.24302
3 44 8.40753
3 45 8.57744
3 46 8.75276
3 47 8.93349
3 48 9.11963
3 49 9.31117
3 50 0
4 0 0
4 1 4.72307
4 2 4.61396
4 3 4.51428
4 4 4.42709
4 5 4.35082
4 6 4.28998
4 7 4.24469
4 8 4.21142
4 9 4.1872
4 10 4.17444
4 11 4.17191
4 12 4.18178
4 13 4.20322
4 14 4.23217
4 15 4.2665
4 16 4.31159
4 17 4.36479
4 18 4.42517
4 19 4.49396
4 20 4.56794
4 21 4.64839
4 22 4.73458
4 23 4.82842
4 24 4.92725
4 25 5.03117
4 26 5.14147
4 27 5.25696
4 28 5.38441
4 29 5.52633
4 30 5.67669
4 31 5.83106
4 32 5.99014
4 33 6.15564
4 34 6.32705
4 35 6.50194
4 36 6.6831
4 37 6.87209
4 38 7.05681
4 39 7.22877
4 40 7.38813
4 41 7.54343
4 42 7.70161
4 43 7.86492
4 44 8.03361
4 45 8.20772
4 46 8.38724
4 47 8.57217
4 48 8.7625
4 49 8.95824
4 50 0
5 0 0
5 1 3.9815
5 2 3.87335
5 3 3.78579
5 4 3.71403
5 5 3.64724
5 6 3.59955
5 7 3.56507
5 8 3.54042
5 9 3.52344
5 10 3.51764
5 11 3.52297
5 12 3.53338
5 13 3.55654
5 14 3.58784
5 15 3.62215
5 16 3.66883
5 17 3.72416
5 18 3.78776
5 19 3.85842
5 20 3.93371
5 21 4.01373
5 22 4.09859
5 23 4.19083
5 24 4.2873
5 25 4.38853
5 26 4.49428
5 27 4.61313
5 28 4.75011
5 29 4.89786
5 30 5.05206
5 31 5.21227
5 32 5.37882
5 33 5.55051
5 34 5.72526
5 35 5.90959
5 36 6.10978
5 37 6.31871
5 38 6.53231
5 39 6.74822
5 40 6.96112
5 41 7.16046
5 42 7.34131
5 43 7.51271
5 44 7.68588
5 45 7.86419
5 46 8.0479
5 47 8.23703
5 48 8.43156
5 49 8.63149
5 50 0
6 0 0
6 1 3.38065
6 2 3.2737
6 3 3.19274
6 4 3.12483
6 5 3.07016
6 6 3.03061
6 7 3.00086
6 8 2.98014
6 9 2.96815
6 10 2.965
6 11 2.97081
6 12 2.98423
6 13 3.00651
6 14 3.03659
6 15 3.07344
6 16 3.12122
6 17 3.18024
6 18 3.24879
6 19 3.32044
6 20 3.39789
6 21 3.48151
6 22 3.5663
6 23 3.65723
6 24 3.74969
6 25 3.84541
6 26 3.95362
6 27 4.07474
6 28 4.20352
6 29 4.33928
6 30 4.48093
6 31 4.63105
6 32 4.79222
6 33 4.96241
6 34 5.1488
6 35 5.35423
6 36 5.56821
6 37 5.78539
6 38 6.0056
6 39 6.23096
6 40 6.46364
6 41 6.70551
6 42 6.94744
6 43 7.16861
6 44 7.36247
6 45 7.54684
6 46 7.73477
6 47 7.92809
6 48 8.12682
6 49 8.33095
6 50 0
7 0 0
7 1 2.81137
7 2 2.73146
7 3 2.66728
7 4 2.60044
7 5 2.54988
7 6 2.51338
7 7 2.48611
7 8 2.46821
7 9 2.4588
7 10 2.45714
7 11 2.46471
7 12 2.48268
7 13 2.50762
7 14 2.54132
7 15 2.58435
7 16 2.63782
7 17 2.70139
7 18 2.77494
7 19 2.85335
7 20 2.93684
7 21 3.02422
7 22 3.11481
7 23 3.20579
7 24 3.29806
7 25 3.39996
7 26 3.51194
7 27 3.63056
7 28 3.75176
7 29 3.8764
7 30 4.00314
7 31 4.13709
7 32 4.285
7 33 4.45172
7 34 4.63758
7 35 4.8387
7 36 5.04969
7 37 5.26776
7 38 5.49432
7 39 5.73268
7 40 5.98377
7 41 6.24259
7 42 6.50569
7 43 6.77058
7 44 7.02555
7 45 7.24915
7 46 7.44766
7 47 7.64534
7 48 7.84826
7 49 8.05658
7 50 0
8 0 0
8 1 2.29004
8 2 2.21366
8 3 2.17431
8 4 2.1182
8 5 2.07361
8 6 2.03968
8 7 2.01595
8 8 2.00246
8 9 1.99668
8 10 1.99822
8 11 2.00973
8 12 2.03327
8 13 2.06185
8 14 2.10201
8 15 2.15078
8 16 2.20823
8 17 2.27763
8 18 2.35411
8 19 2.43736
8 20 2.52569
8 21 2.61938
8 22 2.71533
8 23 2.81257
8 24 2.91852
8 25 3.03352
8 26 3.15081
8 27 3.26623
8 28 3.3822
8 29 3.49523
8 30 3.61441
8 31 3.74825
8 32 3.89165
8 33 4.04478
8 34 4.20938
8 35 4.38321
8 36 4.57126
8 37 4.78422
8 38 5.02481
8 39 5.28283
8 40 5.54713
8 41 5.81429
8 42 6.08452
8 43 6.35925
8 44 6.63999
8 45 6.92111
8 46 7.17451
8 47 7.38854
8 48 7.59592
8 49 7.80843
8 50 0
9 0 0
9 1 1.86835
9 2 1.7913
9 3 1.74057
9 4 1.69574
9 5 1.65737
9 6 1.62837
9 7 1.60961
9 8 1.60051
9 9 1.60024
9 10 1.60845
9 11 1.62494
9 12 1.6507
9 13 1.68306
9 14 1.72674
9 15 1.78113
9 16 1.84353
9 17 1.91468
9 18 1.99259
9 19 2.07703
9 20 2.16853
9 21 2.26403
9 22 2.36284
9 23 2.47172
9 24 2.59062
9 25 2.71496
9 26 2.83908
9 27 2.95936
9 28 3.07524
9 29 3.19104
9 30 3.31326
9 31 3.4413
9 32 3.57637
9 33 3.71353
9 34 3.85802
9 35 4.0199
9 36 4.20058
9 37 4.40005
9 38 4.62251
9 39 4.86979
9 40 5.1336
9 41 5.40751
9 42 5.69006
9 43 5.98031
9 44 6.27596
9 45 6.57506
9 46 6.87347
9 47 7.14493
9 48 7.36967
9 49 7.58647
9 50 0
10 0 0
10 1 1.51549
10 2 1.44824
10 3 1.40356
10 4 1.35223
10 5 1.31171
10 6 1.28397
10 7 1.26932
10 8 1.26416
10 9 1.2701
10 10 1.28591
10 11 1.30757
10 12 1.33624
10 13 1.37252
10 14 1.42328
10 15 1.48254
10 16 1.54625
10 17 1.61518
10 18 1.69123
10 19 1.77446
10 20 1.86432
10 21 1.96039
10 22 2.06685
10 23 2.18435
10 24 2.31016
10 25 2.43725
10 26 2.56461
10 27 2.69311
10 28 2.82319
10 29 2.95514
10 30 3.08494
10 31 3.20685
10 32 3.32579
10 33 3.45647
10 34 3.5954
10 35 3.74064
10 36 3.8999
10 37 4.08157
10 38 4.2877
10 39 4.51556
10 40 4.7719
10 41 5.05712
10 42 5.35421
10 43 5.6548
10 44 5.95819
10 45 6.2646
10 46 6.57371
10 47 6.88237
10 48 7.16105
10 49 7.39087
10 50 0
11 0 0
11 1 1.20241
11 2 1.12536
11 3 1.09765
11 4 1.06176
11 5 1.01543
11 6 0.984085
11 7 0.971741
11 8 0.970098
11 9 0.981202
11 10 1.00337
11 11 1.03057
11 12 1.06735
11 13 1.1156
11 14 1.17485
11 15 1.23756
11 16 1.30216
11 17 1.37081
11 18 1.44397
11 19 1.52431
11 20 1.61476
11 21 1.71614
11 22 1.8288
11 23 1.9485
11 24 2.0706
11 25 2.19819
11 26 2.33072
11 27 2.46756
11 28 2.60906
11 29 2.75192
11 30 2.88891
11 31 3.0159
11 32 3.13637
11 33 3.25526
11 34 3.38451
11 35 3.53375
11 36 3.69889
11 37 3.87262
11 38 4.05595
11 39 4.25853
11 40 4.49115
11 41 4.75999
11 42 5.0571
11 43 5.3651
11 44 5.67744
11 45 5.99269
11 46 6.31035
11 47 6.63007
11 48 6.94685
11 49 7.21957
11 50 0
12 0 0
12 1 0.924945
12 2 0.85176
12 3 0.806648
12 4 0.784464
12 5 0.749056
12 6 0.721744
12 7 0.711398
12 8 0.713317
12 9 0.727711
12 10 0.753735
12 11 0.787896
12 12 0.832738
12 13 0.890637
12 14 0.953026
12 15 1.0184
12 16 1.08754
12 17 1.16092
12 18 1.2412
12 19 1.32891
12 20 1.42359
12 21 1.5233
12 22 1.62938
12 23 1.74385
12 24 1.8682
12 25 2.00071
12 26 2.14041
12 27 2.28585
12 28 2.43398
12 29 2.5819
12 30 2.72786
12 31 2.87
12 32 3.00443
12 33 3.13202
12 34 3.26022
12 35 3.3927
12 36 3.53382
12 37 3.68883
12 38 3.86259
12 39 4.05952
12 40 4.28392
12 41 4.5409
12 42 4.83367
12 43 5.14854
12 44 5.46755
12 45 5.78778
12 46 6.10908
12 47 6.43104
12 48 6.75306
12 49 7.06193
12 50 0
13 0 0
13 1 0.685203
13 2 0.629786
13 3 0.584668
13 4 0.553718
13 5 0.529471
13 6 0.513459
13 7 0.507696
13 8 0.511579
13 9 0.5254
13 10 0.549471
13 11 0.583942
13 12 0.631741
13 13 0.691086
13 14 0.757272
13 15 0.828651
13 16 0.904962
13 17 0.985717
13 18 1.07211
13 19 1.16385
13 20 1.2607
13 21 1.36327
13 22 1.47234
13 23 1.58861
13 24 1.71477
13 25 1.85108
13 26 1.99467
13 27 2.14238
13 28 2.29287
13 29 2.44573
13 30 2.59926
13 31 2.7497
13 32 2.89292
13 33 3.0274
13 34 3.15775
13 35 3.29205
13 36 3.43619
13 37 3.59344
13 38 3.76665
13 39 3.96088
13 40 4.1825
13 41 4.43427
13 42 4.71903
13 43 5.03138
13 44 5.34716
13 45 5.66147
13 46 5.97565
13 47 6.29101
13 48 6.60749
13 49 6.92291
13 50 0
14 0 0
14 1 0.500825
14 2 0.456095
14 3 0.417606
14 4 0.38825
14 5 0.367978
14 6 0.356815
14 7 0.354783
14 8 0.361878
14 9 0.378106
14 10 0.403483
14 11 0.438076
14 12 0.482301
14 13 0.537267
14 14 0.604394
14 15 0.680279
14 16 0.760822
14 17 0.847228
14 18 0.939653
14 19 1.03769
14 20 1.14064
14 21 1.24766
14 22 1.35866
14 23 1.47431
14 24 1.59717
14 25 1.73083
14 26 1.87305
14 27 2.0215
14 28 2.17479
14 29 2.33102
14 30 2.48865
14 31 2.64656
14 32 2.80308
14 33 2.95524
14 34 3.10156
14 35 3.24496
14 36 3.39072
14 37 3.54737
14 38 3.72399
14 39 3.92365
14 40 4.14346
14 41 4.38406
14 42 4.66058
14 43 4.96907
14 44 5.28193
14 45 5.59316
14 46 5.90124
14 47 6.20648
14 48 6.51227
14 49 6.82071
14 50 0
15 0 0
15 1 0.357002
15 2 0.315675
15 3 0.28069
15 4 0.254828
15 5 0.238092
15 6 0.230481
15 7 0.231995
15 8 0.242636
15 9 0.262402
15 10 0.291294
15 11 0.329311
15 12 0.376456
15 13 0.432758
15 14 0.498639
15 15 0.575875
15 16 0.662257
15 17 0.752941
15 18 0.849116
15 19 0.950512
15 20 1.05689
15 21 1.16795
15 22 1.28323
15 23 1.40221
15 24 1.52477
15 25 1.65489
15 26 1.79601
15 27 1.94416
15 28 2.09633
15 29 2.25188
15 30 2.41085
15 31 2.57298
15 32 2.73684
15 33 2.89906
15 34 3.0557
15 35 3.20911
15 36 3.36968
15 37 3.54299
15 38 3.72834
15 39 3.92491
15 40 4.13436
15 41 4.36665
15 42 4.6391
15 43 4.94391
15 44 5.25327
15 45 5.56128
15 46 5.86701
15 47 6.16978
15 48 6.46863
15 49 6.76483
15 50 0
16 0 0
16 1 0.241701
16 2 0.203731
16 3 0.172292
16 4 0.149977
16 5 0.136787
16 6 0.132723
16 7 0.137785
16 8 0.151973
16 9 0.175286
16 10 0.207725
16 11 0.249289
16 12 0.299979
16 13 0.359795
16 14 0.428741
16 15 0.507224
16 16 0.597976
16 17 0.693578
16 18 0.792967
16 19 0.897646
16 20 1.00674
16 21 1.11976
16 22 1.23632
16 23 1.35625
16 24 1.47929
16 25 1.60755
16 26 1.74569
16 27 1.89229
16 28 2.04605
16 29 2.20636
16 30 2.37195
16 31 2.54093
16 32 2.711
16 33 2.87971
16 34 3.04529
16 35 3.2117
16 36 3.38403
16 37 3.56277
16 38 3.74856
16 39 3.94276
16 40 4.14858
16 41 4.37787
16 42 4.64701
16 43 4.94805
16 44 5.25387
16 45 5.55831
16 46 5.85977
16 47 6.15788
16 48 6.45292
16 49 6.7454
16 50 0
17 0 0
17 1 0.154982
17 2 0.120374
17 3 0.0924823
17 4 0.0737142
17 5 0.0640717
17 6 0.0635549
17 7 0.0721638
17 8 0.0898984
17 9 0.116759
17 10 0.152744
17 11 0.197856
17 12 0.252093
17 13 0.315456
17 14 0.387944
17 15 0.469599
17 16 0.562739
17 17 0.663493
17 18 0.765332
17 19 0.872446
17 20 0.984046
17 21 1.09951
17 22 1.21852
17 23 1.34089
17 24 1.46638
17 25 1.59685
17 26 1.73811
17 27 1.88892
17 28 2.04607
17 29 2.20801
17 30 2.37396
17 31 2.54332
17 32 2.71505
17 33 2.8868
17 34 3.05568
17 35 3.22288
17 36 3.39473
17 37 3.57685
17 38 3.76959
17 39 3.97115
17 40 4.18188
17 41 4.41072
17 42 4.67657
17 43 4.97375
17 44 5.27568
17 45 5.57533
17 46 5.8714
17 47 6.16522
17 48 6.4571
17 49 6.74487
17 50 0
18 0 0
18 1 0.0968316
18 2 0.065585
18 3 0.0412402
18 4 0.0260192
18 5 0.0199238
18 6 0.0229541
18 7 0.0351101
18 8 0.0563917
18 9 0.0867989
18 10 0.126332
18 11 0.17499
18 12 0.232775
18 13 0.299685
18 14 0.37572
18 15 0.460908
18 16 0.557461
18 17 0.66191
18 18 0.766608
18 19 0.876537
18 20 0.990858
18 21 1.1089
18 22 1.23038
18 23 1.35515
18 24 1.48301
18 25 1.61687
18 26 1.76245
18 27 1.91666
18 28 2.07656
18 29 2.24146
18 30 2.41057
18 31 2.58241
18 32 2.75487
18 33 2.92538
18 34 3.09235
18 35 3.25802
18 36 3.4263
18 37 3.60179
18 38 3.7905
18 39 3.9966
18 40 4.2188
18 41 4.45552
18 42 4.71996
18 43 5.01305
18 44 5.30969
18 45 5.60371
18 46 5.89583
18 47 6.18569
18 48 6.47359
18 49 6.76122
18 50 0
19 0 0
19 1 0.0672757
19 2 0.0393909
19 3 0.018593
19 4 0.00691908
19 5 0.00437077
19 6 0.0109481
19 7 0.0266511
19 8 0.0514798
19 9 0.0854341
19 10 0.128514
19 11 0.18072
19 12 0.242051
19 13 0.312508
19 14 0.392091
19 15 0.480987
19 16 0.582436
19 17 0.688045
19 18 0.795362
19 19 0.90782
19 20 1.02479
19 21 1.14561
19 22 1.26961
19 23 1.39646
19 24 1.52622
19 25 1.66292
19 26 1.81013
19 27 1.96592
19 28 2.12823
19 29 2.29553
19 30 2.46641
19 31 2.63933
19 32 2.81197
19 33 2.98086
19 34 3.1449
19 35 3.30917
19 36 3.47795
19 37 3.65403
19 38 3.84037
19 39 4.04094
19 40 4.26063
19 41 4.503
19 42 4.77048
19 43 5.05929
19 44 5.35092
19 45 5.64185
19 46 5.93249
19 47 6.22339
19 48 6.51479
19 49 6.80658
19 50 0
20 0 0
20 1 0.0662838
20 2 0.0417607
20 3 0.0245097
20 4 0.0163828
20 5 0.0173816
20 6 0.027506
20 7 0.0467561
20 8 0.0751318
20 9 0.112633
20 10 0.15926
20 11 0.215013
20 12 0.279891
20 13 0.353896
20 14 0.437065
20 15 0.53085
20 16 0.635672
20 17 0.740999
20 18 0.851101
20 19 0.966243
20 20 1.08543
20 21 1.20804
20 22 1.3339
20 23 1.46277
20 24 1.59597
20 25 1.73879
20 26 1.89041
20 27 2.04724
20 28 2.20835
20 29 2.37394
20 30 2.54421
20 31 2.71795
20 32 2.89036
20 33 3.05607
20 34 3.2168
20 35 3.37999
20 36 3.55194
20 37 3.73495
20 38 3.9294
20 39 4.13563
20 40 4.35527
20 41 4.59398
20 42 4.85854
20 43 5.14007
20 44 5.42625
20 45 5.71462
20 46 6.00473
20 47 6.29632
20 48 6.58907
20 49 6.88211
20 50 0
21 0 0
21 1 0.0938881
21 2 0.0727268
21 3 0.0590228
21 4 0.0544429
21 5 0.0589888
21 6 0.0726602
21 7 0.0954574
21 8 0.12738
21 9 0.168429
21 10 0.218603
21 11 0.277903
21 12 0.346329
21 13 0.423935
21 14 0.511771
21 15 0.611287
21 16 0.713875
21 17 0.820237
21 18 0.932256
21 19 1.04909
21 20 1.17002
21 21 1.29443
21 22 1.42162
21 23 1.5517
21 24 1.68831
21 25 1.83364
21 26 1.98648
21 27 2.14601
21 28 2.31147
21 29 2.48168
21 30 2.65487
21 31 2.82858
21 32 2.99966
21 33 3.16706
21 34 3.33461
21 35 3.50529
21 36 3.68181
21 37 3.86737
21 38 4.06498
21 39 4.27733
21 40 4.50709
21 41 4.75682
21 42 5.02356
21 43 5.29685
21 44 5.57297
21 45 5.85163
21 46 6.13287
21 47 6.4165
21 48 6.70226
21 49 6.9869
21 50 0
22 0 0
22 1 0.150059
22 2 0.132259
22 3 0.122102
22 4 0.121069
22 5 0.129162
22 6 0.146381
22 7 0.172725
22 8 0.208195
22 9 0.25279
22 10 0.306512
22 11 0.369367
22 12 0.441536
22 13 0.524372
22 14 0.617909
22 15 0.71596
22 16 0.818262
22 17 0.926033
22 18 1.03868
22 19 1.15564
22 20 1.27636
22 21 1.40079
22 22 1.52917
22 23 1.66382
22 24 1.80738
22 25 1.95841
22 26 2.1149
22 27 2.27587
22 28 2.4409
22 29 2.60983
22 30 2.78204
22 31 2.95459
22 32 3.12424
22 33 3.29296
22 34 3.46624
22 35 3.64768
22 36 3.83655
22 37 4.03138
22 38 4.23357
22 39 4.44842
22 40 4.6827
22 41 4.93753
22 42 5.20236
22 43 5.47049
22 44 5.74087
22 45 6.01313
22 46 6.28711
22 47 6.56274
22 48 6.83987
22 49 7.10739
22 50 0
23 0 0
23 1 0.234819
23 2 0.220382
23 3 0.213771
23 4 0.216286
23 5 0.227926
23 6 0.248691
23 7 0.278583
23 8 0.317601
23 9 0.365761
23 10 0.423167
23 11 0.490431
23 12 0.5685
23 13 0.655185
23 14 0.746682
23 15 0.843675
23 16 0.946011
23 17 1.05356
23 18 1.16616
23 19 1.28321
23 20 1.40449
23 21 1.52971
23 22 1.66093
23 23 1.79952
23 24 1.94517
23 25 2.09788
23 26 2.25688
23 27 2.42102
23 28 2.58913
23 29 2.75986
23 30 2.93125
23 31 3.1014
23 32 3.27168
23 33 3.44523
23 34 3.62313
23 35 3.80658
23 36 3.99803
23 37 4.19999
23 38 4.41364
23 39 4.63984
23 40 4.8814
23 41 5.13427
23 42 5.39159
23 43 5.6518
23 44 5.91477
23 45 6.18055
23 46 6.44896
23 47 6.71957
23 48 6.98878
23 49 7.24
23 50 0
24 0 0
24 1 0.348154
24 2 0.337077
24 3 0.334015
24 4 0.340078
24 5 0.355272
24 6 0.379611
24 7 0.41314
24 8 0.456019
24 9 0.50869
24 10 0.57114
24 11 0.642567
24 12 0.721342
24 13 0.805814
24 14 0.895881
24 15 0.992219
24 16 1.09479
24 17 1.20275
24 18 1.3148
24 19 1.43049
24 20 1.55033
24 21 1.67705
24 22 1.81286
24 23 1.95743
24 24 2.10802
24 25 2.26291
24 26 2.4228
24 27 2.58829
24 28 2.75728
24 29 2.92695
24 30 3.09632
24 31 3.26583
24 32 3.43733
24 33 3.61372
24 34 3.79758
24 35 3.98986
24 36 4.19009
24 37 4.39808
24 38 4.61666
24 39 4.84994
24 40 5.09443
24 41 5.34374
24 42 5.59611
24 43 5.85113
24 44 6.10851
24 45 6.36803
24 46 6.62956
24 47 6.8924
24 48 7.14478
24 49 7.40201
24 50 0
25 0 0
25 1 0.490252
25 2 0.482297
25 3 0.482878
25 4 0.492683
25 5 0.511798
25 6 0.540388
25 7 0.57803
25 8 0.624765
25 9 0.679284
25 10 0.741342
25 11 0.810424
25 12 0.887212
25 13 0.971872
25 14 1.06326
25 15 1.15926
25 16 1.25948
25 17 1.36477
25 18 1.47605
25 19 1.59395
25 20 1.71924
25 21 1.85198
25 22 1.99142
25 23 2.13622
25 24 2.28675
25 25 2.44411
25 26 2.60745
25 27 2.77439
25 28 2.94333
25 29 3.11271
25 30 3.28283
25 31 3.45539
25 32 3.63186
25 33 3.81319
25 34 4.00025
25 35 4.19453
25 36 4.39846
25 37 4.61469
25 38 4.84364
25 39 5.08124
25 40 5.32253
25 41 5.56613
25 42 5.81208
25 43 6.06055
25 44 6.3117
25 45 6.56553
25 46 6.82159
25 47 7.07264
25 48 7.3197
25 49 7.59753
25 50 0
26 0 0
26 1 0.656931
26 2 0.649033
26 3 0.652938
26 4 0.666745
26 5 0.689376
26 6 0.721032
26 7 0.760218
26 8 0.807098
26 9 0.862261
26 10 0.922893
26 11 0.991487
26 12 1.06714
26 13 1.14926
26 14 1.2388
26 15 1.33529
26 16 1.43702
26 17 1.5428
26 18 1.65416
26 19 1.77434
26 20 1.90409
26 21 2.04184
26 22 2.18587
26 23 2.33539
26 24 2.4901
26 25 2.64916
26 26 2.81187
26 27 2.97698
26 28 3.14307
26 29 3.3118
26 30 3.48485
26 31 3.66162
26 32 3.84218
26 33 4.02819
26 34 4.22145
26 35 4.42318
26 36 4.63447
26 37 4.85609
26 38 5.08584
26 39 5.31996
26 40 5.55727
26 41 5.79716
26 42 6.03911
26 43 6.28293
26 44 6.5287
26 45 6.77645
26 46 7.02213
26 47 7.26236
26 48 7.53311
26 49 7.8208
26 50 0
27 0 0
27 1 0.834487
27 2 0.823447
27 3 0.828017
27 4 0.845594
27 5 0.870257
27 6 0.904852
27 7 0.947293
27 8 0.995216
27 9 1.05054
27 10 1.11484
27 11 1.18274
27 12 1.25771
27 13 1.33952
27 14 1.42696
27 15 1.52114
27 16 1.62373
27 17 1.73563
27 18 1.85542
27 19 1.98159
27 20 2.1144
27 21 2.25373
27 22 2.39918
27 23 2.55099
27 24 2.70764
27 25 2.86692
27 26 3.02883
27 27 3.19311
27 28 3.3597
27 29 3.5302
27 30 3.70552
27 31 3.88664
27 32 4.07386
27 33 4.26586
27 34 4.46314
27 35 4.66929
27 36 4.88613
27 37 5.11055
27 38 5.33867
27 39 5.56895
27 40 5.80091
27 41 6.03502
27 42 6.27189
27 43 6.51148
27 44 6.75311
27 45 6.99349
27 46 7.22834
27 47 7.49216
27 48 7.77809
27 49 8.07033
27 50 0
28 0 0
28 1 1.02154
28 2 1.01005
28 3 1.01447
28 4 1.03401
28 5 1.05997
28 6 1.09541
28 7 1.13996
28 8 1.19103
28 9 1.24633
28 10 1.30801
28 11 1.37854
28 12 1.45481
28 13 1.53826
28 14 1.6294
28 15 1.72833
28 16 1.83506
28 17 1.94875
28 18 2.07189
28 19 2.20397
28 20 2.34216
28 21 2.48528
28 22 2.63317
28 23 2.78566
28 24 2.94237
28 25 3.10127
28 26 3.26153
28 27 3.42573
28 28 3.59537
28 29 3.76895
28 30 3.94659
28 31 4.13001
28 32 4.32025
28 33 4.51806
28 34 4.72428
28 35 4.93802
28 36 5.15614
28 37 5.37658
28 38 5.59928
28 39 5.82483
28 40 6.0534
28 41 6.28434
28 42 6.51685
28 43 6.75077
28 44 6.98424
28 45 7.21504
28 46 7.47452
28 47 7.75859
28 48 8.04962
28 49 8.34606
28 50 0
29 0 0
29 1 1.22031
29 2 1.21027
29 3 1.21557
29 4 1.23436
29 5 1.26213
29 6 1.29703
29 7 1.34197
29 8 1.39414
29 9 1.45194
29 10 1.51473
29 11 1.58516
29 12 1.66509
29 13 1.75369
29 14 1.85059
29 15 1.95664
29 16 2.06947
29 17 2.18858
29 18 2.31318
29 19 2.44478
29 20 2.5855
29 21 2.73203
29 22 2.8813
29 23 3.03237
29 24 3.18698
29 25 3.346
29 26 3.50878
29 27 3.67501
29 28 3.84551
29 29 4.02274
29 30 4.20686
29 31 4.39576
29 32 4.59014
29 33 4.79206
29 34 5.00069
29 35 5.2137
29 36 5.42984
29 37 5.64846
29 38 5.869
29 39 6.09105
29 40 6.31453
29 41 6.53989
29 42 6.76765
29 43 6.99523
29 44 7.22215
29 45 7.47963
29 46 7.76229
29 47 8.05211
29 48 8.34735
29 49 8.64798
29 50 0
30 0 0
30 1 1.42954
30 2 1.42553
30 3 1.43366
30 4 1.45056
30 5 1.47867
30 6 1.51403
30 7 1.5595
30 8 1.61353
30 9 1.6739
30 10 1.74105
30 11 1.81639
30 12 1.90096
30 13 1.99466
30 14 2.09557
30 15 2.20381
30 16 2.32041
30 17 2.44465
30 18 2.57349
30 19 2.7073
30 20 2.84643
30 21 2.99136
30 22 3.14004
30 23 3.29154
30 24 3.44595
30 25 3.6054
30 26 3.77106
30 27 3.94142
30 28 4.11595
30 29 4.29524
30 30 4.48071
30 31 4.67451
30 32 4.87579
30 33 5.0819
30 34 5.29046
30 35 5.50056
30 36 5.71225
30 37 5.92602
30 38 6.14225
30 39 6.36095
30 40 6.5818
30 41 6.80409
30 42 7.02448
30 43 7.24875
30 44 7.50753
30 45 7.78921
30 46 8.07781
30 47 8.37184
30 48 8.67127
30 49 8.9761
30 50 0
31 0 0
31 1 1.6563
31 2 1.65881
31 3 1.67242
31 4 1.68902
31 5 1.71612
31 6 1.75235
31 7 1.79953
31 8 1.85769
31 9 1.92262
31 10 1.99402
31 11 2.07243
31 12 2.1602
31 13 2.25544
31 14 2.36016
31 15 2.4716
31 16 2.58988
31 17 2.71511
31 18 2.84656
31 19 2.9812
31 20 3.11902
31 21 3.26078
31 22 3.40815
31 23 3.56084
31 24 3.71821
31 25 3.88032
31 26 4.04707
31 27 4.2202
31 28 4.40038
31 29 4.58622
31 30 4.77782
31 31 4.97459
31 32 5.17504
31 33 5.37836
31 34 5.58414
31 35 5.79201
31 36 6.0017
31 37 6.21293
31 38 6.42561
31 39 6.64002
31 40 6.85592
31 41 7.07043
31 42 7.29612
31 43 7.5583
31 44 7.83932
31 45 8.12671
31 46 8.41953
31 47 8.71775
31 48 9.02138
31 49 9.33041
31 50 0
32 0 0
32 1 1.91034
32 2 1.91022
32 3 1.92886
32 4 1.94759
32 5 1.97674
32 6 2.01311
32 7 2.06039
32 8 2.12034
32 9 2.18991
32 10 2.26522
32 11 2.34762
32 12 2.43686
32 13 2.53567
32 14 2.64143
32 15 2.75462
32 16 2.87318
32 17 2.99663
32 18 3.1258
32 19 3.26038
32 20 3.39897
32 21 3.54208
32 22 3.69043
32 23 3.84489
32 24 4.00586
32 25 4.17177
32 26 4.34253
32 27 4.51924
32 28 4.70243
32 29 4.89235
32 30 5.08691
32 31 5.28414
32 32 5.48322
32 33 5.68377
32 34 5.88595
32 35 6.09021
32 36 6.29654
32 37 6.50474
32 38 6.71456
32 39 6.92459
32 40 7.13444
32 41 7.36601
32 42 7.63234
32 43 7.91265
32 44 8.19884
32 45 8.49044
32 46 8.78745
32 47 9.08987
32 48 9.3977
32 49 9.71092
32 50 0
33 0 0
33 1 2.18899
33 2 2.1765
33 3 2.1969
33 4 2.21978
33 5 2.25052
33 6 2.29083
33 7 2.33915
33 8 2.39895
33 9 2.47025
33 10 2.54951
33 11 2.6343
33 12 2.72608
33 13 2.8252
33 14 2.93217
33 15 3.04495
33 16 3.16299
33 17 3.28535
33 18 3.4126
33 19 3.54719
33 20 3.68905
33 21 3.8363
33 22 3.98799
33 23 4.14496
33 24 4.30809
33 25 4.47774
33 26 4.65402
33 27 4.83684
33 28 5.02478
33 29 5.21531
33 30 5.40745
33 31 5.60136
33 32 5.79717
33 33 5.99499
33 34 6.19477
33 35 6.3962
33 36 6.59921
33 37 6.8037
33 38 7.00792
33 39 7.21769
33 40 7.45978
33 41 7.72978
33 42 8.00919
33 43 8.29416
33 44 8.58455
33 45 8.88035
33 46 9.18155
33 47 9.48817
33 48 9.80019
33 49 10.1176
33 50 0
34 0 0
34 1 2.47842
34 2 2.45546
34 3 2.47549
34 4 2.50157
34 5 2.5342
34 6 2.57813
34 7 2.62951
34 8 2.6915
34 9 2.76318
34 10 2.84308
34 11 2.92899
34 12 3.02077
34 13 3.11932
34 14 3.2253
34 15 3.33754
34 16 3.45557
34 17 3.58145
34 18 3.71269
34 19 3.84859
34 20 3.99162
34 21 4.14216
34 22 4.29908
34 23 4.46176
34 24 4.6305
34 25 4.80548
34 26 4.98514
34 27 5.16802
34 28 5.35392
34 29 5.5427
34 30 5.73365
34 31 5.92592
34 32 6.11935
34 33 6.31419
34 34 6.51064
34 35 6.70877
34 36 6.90773
34 37 7.10754
34 38 7.32606
34 39 7.57909
34 40 7.85062
34 41 8.12895
34 42 8.41271
34 43 8.70189
34 44 8.99647
34 45 9.29646
34 46 9.60187
34 47 9.91268
34 48 10.2289
34 49 10.5505
34 50 0
35 0 0
35 1 2.75666
35 2 2.74304
35 3 2.7626
35 4 2.78974
35 5 2.82603
35 6 2.87091
35 7 2.92449
35 8 2.98833
35 9 3.06021
35 10 3.13932
35 11 3.22521
35 12 3.31742
35 13 3.41737
35 14 3.5246
35 15 3.64049
35 16 3.76167
35 17 3.8888
35 18 4.02356
35 19 4.16507
35 20 4.31252
35 21 4.46763
35 22 4.62931
35 23 4.79701
35 24 4.97053
35 25 5.14862
35 26 5.32915
35 27 5.51099
35 28 5.6939
35 29 5.87839
35 30 6.06515
35 31 6.25454
35 32 6.44611
35 33 6.63899
35 34 6.83255
35 35 7.02597
35 36 7.22845
35 37 7.46227
35 38 7.72335
35 39 7.99477
35 40 8.27191
35 41 8.55446
35 42 8.84242
35 43 9.13579
35 44 9.43457
35 45 9.73876
35 46 10.0484
35 47 10.3634
35 48 10.6838
35 49 11.0096
35 50 0
36 0 0
36 1 3.00678
36 2 3.02675
36 3 3.05467
36 4 3.08084
36 5 3.11923
36 6 3.16617
36 7 3.2204
36 8 3.28393
36 9 3.35925
36 10 3.43922
36 11 3.52736
36 12 3.62278
36 13 3.72562
36 14 3.83762
36 15 3.95615
36 16 4.08333
36 17 4.21604
36 18 4.35475
36 19 4.50085
36 20 4.65478
36 21 4.81653
36 22 4.98422
36 23 5.15443
36 24 5.32602
36 25 5.49994
36 26 5.6773
36 27 5.85758
36 28 6.03963
36 29 6.22277
36 30 6.40701
36 31 6.59274
36 32 6.78012
36 33 6.96846
36 34 7.16188
36 35 7.37925
36 36 7.62776
36 37 7.89168
36 38 8.16216
36 39 8.43809
36 40 8.71943
36 41 9.00618
36 42 9.29834
36 43 9.5959
36 44 9.89888
36 45 10.2073
36 46 10.5211
36 47 10.8403
36 48 11.1649
36 49 11.4949
36 50 0
37 0 0
37 1 3.26288
37 2 3.30119
37 3 3.35189
37 4 3.37752
37 5 3.41516
37 6 3.46673
37 7 3.52337
37 8 3.58923
37 9 3.66757
37 10 3.75555
37 11 3.84567
37 12 3.94569
37 13 4.05225
37 14 4.16723
37 15 4.29208
37 16 4.42392
37 17 4.56351
37 18 4.70999
37 19 4.86256
37 20 5.02027
37 21 5.18281
37 22 5.34984
37 23 5.51995
37 24 5.69142
37 25 5.86336
37 26 6.03616
37 27 6.21143
37 28 6.38999
37 29 6.57106
37 30 6.75345
37 31 6.93595
37 32 7.12192
37 33 7.32705
37 34 7.56385
37 35 7.81971
37 36 8.08346
37 37 8.35276
37 38 8.62748
37 39 8.90761
37 40 9.19314
37 41 9.48409
37 42 9.78044
37 43 10.0822
37 44 10.3894
37 45 10.702
37 46 11.0199
37 47 11.3433
37 48 11.6722
37 49 12.0064
37 50 0
38 0 0
38 1 3.56382
38 2 3.58574
38 3 3.65842
38 4 3.69033
38 5 3.72985
38 6 3.78152
38 7 3.84325
38 8 3.91425
38 9 3.99336
38 10 4.08645
38 11 4.18619
38 12 4.28965
38 13 4.40303
38 14 4.52398
38 15 4.65378
38 16 4.79272
38 17 4.93837
38 18 5.08952
38 19 5.24426
38 20 5.40132
38 21 5.56042
38 22 5.7224
38 23 5.88819
38 24 6.05769
38 25 6.22947
38 26 6.40222
38 27 6.57544
38 28 6.74971
38 29 6.92578
38 30 7.10604
38 31 7.30366
38 32 7.53091
38 33 7.77884
38 34 8.0358
38 35 8.29848
38 36 8.56658
38 37 8.84008
38 38 9.11899
38 39 9.40332
38 40 9.69305
38 41 9.98819
38 42 10.2887
38 43 10.5947
38 44 10.9061
38 45 11.2228
38 46 11.545
38 47 11.8726
38 48 12.2056
38 49 12.544
38 50 0
39 0 0
39 1 3.90677
39 2 3.90924
39 3 3.97842
39 4 4.02261
39 5 4.06678
39 6 4.12089
39 7 4.18604
39 8 4.26162
39 9 4.34816
39 10 4.4425
39 11 4.54824
39 12 4.66139
39 13 4.78256
39 14 4.91133
39 15 5.0459
39 16 5.18577
39 17 5.3307
39 18 5.4796
39 19 5.63208
39 20 5.7877
39 21 5.94556
39 22 6.10519
39 23 6.26691
39 24 6.43153
39 25 6.59938
39 26 6.76964
39 27 6.94076
39 28 7.11561
39 29 7.30766
39 30 7.52806
39 31 7.76897
39 32 8.0192
39 33 8.27524
39 34 8.53672
39 35 8.8036
39 36 9.07589
39 37 9.35359
39 38 9.6367
39 39 9.92522
39 40 10.2191
39 41 10.5185
39 42 10.8232
39 43 11.1334
39 44 11.449
39 45 11.7699
39 46 12.0963
39 47 12.4281
39 48 12.7653
39 49 13.1079
39 50 0
40 0 0
40 1 4.27775
40 2 4.27943
40 3 4.32706
40 4 4.37626
40 5 4.42826
40 6 4.48977
40 7 4.56058
40 8 4.6418
40 9 4.73469
40 10 4.83583
40 11 4.9454
40 12 5.0627
40 13 5.18708
40 14 5.3169
40 15 5.45082
40 16 5.58831
40 17 5.7296
40 18 5.87518
40 19 6.02491
40 20 6.1775
40 21 6.33317
40 22 6.49141
40 23 6.65151
40 24 6.81313
40 25 6.97692
40 26 7.14794
40 27 7.33852
40 28 7.55521
40 29 7.79001
40 30 8.03363
40 31 8.28305
40 32 8.5379
40 33 8.79816
40 34 9.06383
40 35 9.33491
40 36 9.6114
40 37 9.8933
40 38 10.1806
40 39 10.4733
40 40 10.7714
40 41 11.075
40 42 11.3839
40 43 11.6983
40 44 12.018
40 45 12.3432
40 46 12.6738
40 47 13.0098
40 48 13.3512
40 49 13.698
40 50 0
41 0 0
41 1 4.6616
41 2 4.67791
41 3 4.71513
41 4 4.76412
41 5 4.82184
41 6 4.88965
41 7 4.96707
41 8 5.05426
41 9 5.15029
41 10 5.25257
41 11 5.36042
41 12 5.47582
41 13 5.59762
41 14 5.72518
41 15 5.85747
41 16 5.99362
41 17 6.13292
41 18 6.27564
41 19 6.42178
41 20 6.57198
41 21 6.72488
41 22 6.87976
41 23 7.03832
41 24 7.20713
41 25 7.39795
41 26 7.61252
41 27 7.84197
41 28 8.07911
41 29 8.32191
41 30 8.57014
41 31 8.82378
41 32 9.08283
41 33 9.34728
41 34 9.61715
41 35 9.89242
41 36 10.1731
41 37 10.4592
41 38 10.7507
41 39 11.0476
41 40 11.3499
41 41 11.6577
41 42 11.9708
41 43 12.2893
41 44 12.6133
41 45 12.9427
41 46 13.2774
41 47 13.6176
41 48 13.9632
41 49 14.3142
41 50 0
42 0 0
42 1 5.03652
42 2 5.08082
42 3 5.12312
42 4 5.1738
42 5 5.23535
42 6 5.30578
42 7 5.38392
42 8 5.47124
42 9 5.56704
42 10 5.67044
42 11 5.77842
42 12 5.89015
42 13 6.00897
42 14 6.13425
42 15 6.26434
42 16 6.39878
42 17 6.53683
42 18 6.67786
42 19 6.82181
42 20 6.96861
42 21 7.12353
42 22 7.29424
42 23 7.48793
42 24 7.70089
42 25 7.92496
42 26 8.15562
42 27 8.39181
42 28 8.63342
42 29 8.88043
42 30 9.13286
42 31 9.39069
42 32 9.65394
42 33 9.92259
42 34 10.1966
42 35 10.4761
42 36 10.761
42 37 11.0513
42 38 11.347
42 39 11.6481
42 40 11.9546
42 41 12.2665
42 42 12.5839
42 43 12.9066
42 44 13.2348
42 45 13.5683
42 46 13.9073
42 47 14.2517
42 48 14.6015
42 49 14.9567
42 50 0
43 0 0
43 1 5.39377
43 2 5.45877
43 3 5.52366
43 4 5.57893
43 5 5.64255
43 6 5.71608
43 7 5.79647
43 8 5.88299
43 9 5.97827
43 10 6.08082
43 11 6.19021
43 12 6.30385
43 13 6.42045
43 14 6.54282
43 15 6.67125
43 16 6.8036
43 17 6.93963
43 18 7.08259
43 19 7.23843
43 20 7.41362
43 21 7.61042
43 22 7.8208
43 23 8.03907
43 24 8.2632
43 25 8.49277
43 26 8.72775
43 27 8.96814
43 28 9.21395
43 29 9.46516
43 30 9.72178
43 31 9.98381
43 32 10.2512
43 33 10.5241
43 34 10.8024
43 35 11.086
43 36 11.3751
43 37 11.6696
43 38 11.9695
43 39 12.2748
43 40 12.5855
43 41 12.9016
43 42 13.2231
43 43 13.5501
43 44 13.8824
43 45 14.2202
43 46 14.5634
43 47 14.9119
43 48 15.2659
43 49 15.6253
43 50 0
44 0 0
44 1 5.75401
44 2 5.81501
44 3 5.9037
44 4 5.97319
44 5 6.04036
44 6 6.11588
44 7 6.1996
44 8 6.28915
44 9 6.38387
44 10 6.48645
44 11 6.59502
44 12 6.70927
44 13 6.82758
44 14 6.94974
44 15 7.07992
44 16 7.22417
44 17 7.38663
44 18 7.56941
44 19 7.76648
44 20 7.97225
44 21 8.18428
44 22 8.40181
44 23 8.62476
44 24 8.85312
44 25 9.08689
44 26 9.32607
44 27 9.57066
44 28 9.82066
44 29 10.0761
44 30 10.3369
44 31 10.6031
44 32 10.8747
44 33 11.1518
44 34 11.4342
44 35 11.7221
44 36 12.0154
44 37 12.3141
44 38 12.6181
44 39 12.9276
44 40 13.2426
44 41 13.5629
44 42 13.8886
44 43 14.2197
44 44 14.5563
44 45 14.8982
44 46 15.2456
44 47 15.5984
44 48 15.9566
44 49 16.3201
44 50 0
45 0 0
45 1 6.11866
45 2 6.18006
45 3 6.26236
45 4 6.35341
45 5 6.42829
45 6 6.50653
45 7 6.59279
45 8 6.68521
45 9 6.78306
45 10 6.88608
45 11 6.99681
45 12 7.11716
45 13 7.25199
45 14 7.40506
45 15 7.57648
45 16 7.76148
45 17 7.95513
45 18 8.15508
45 19 8.36058
45 20 8.57149
45 21 8.78782
45 22 9.00956
45 23 9.2367
45 24 9.46926
45 25 9.70722
45 26 9.9506
45 27 10.1994
45 28 10.4536
45 29 10.7132
45 30 10.9782
45 31 11.2486
45 32 11.5244
45 33 11.8057
45 34 12.0923
45 35 12.3844
45 36 12.6819
45 37 12.9847
45 38 13.293
45 39 13.6067
45 40 13.9258
45 41 14.2503
45 42 14.5803
45 43 14.9156
45 44 15.2563
45 45 15.6025
45 46 15.9541
45 47 16.311
45 48 16.6734
45 49 17.0412
45 50 0
46 0 0
46 1 6.48569
46 2 6.55173
46 3 6.62781
46 4 6.71894
46 5 6.8047
46 6 6.88859
46 7 6.97891
46 8 7.07927
46 9 7.1921
46 10 7.32137
46 11 7.46859
46 12 7.63154
46 13 7.80572
46 14 7.98762
46 15 8.17556
46 16 8.36902
46 17 8.56791
46 18 8.77221
46 19 8.98191
46 20 9.19703
46 21 9.41755
46 22 9.64348
46 23 9.87482
46 24 10.1116
46 25 10.3537
46 26 10.6013
46 27 10.8543
46 28 11.1127
46 29 11.3765
46 30 11.6457
46 31 11.9203
46 32 12.2003
46 33 12.4858
46 34 12.7766
46 35 13.0729
46 36 13.3745
46 37 13.6816
46 38 13.9941
46 39 14.312
46 40 14.6353
46 41 14.964
46 42 15.2981
46 43 15.6376
46 44 15.9826
46 45 16.3329
46 46 16.6887
46 47 17.0498
46 48 17.4164
46 49 17.7884
46 50 0
47 0 0
47 1 6.8543
47 2 6.92512
47 3 7.00576
47 4 7.09576
47 5 7.19677
47 6 7.3087
47 7 7.43705
47 8 7.58052
47 9 7.73574
47 10 7.89949
47 11 8.06976
47 12 8.24574
47 13 8.42718
47 14 8.61404
47 15 8.8063
47 16 9.00398
47 17 9.20706
47 18 9.41555
47 19 9.62945
47 20 9.84876
47 21 10.0735
47 22 10.3036
47 23 10.5391
47 24 10.7801
47 25 11.0265
47 26 11.2782
47 27 11.5354
47 28 11.798
47 29 12.066
47 30 12.3394
47 31 12.6182
47 32 12.9024
47 33 13.1921
47 34 13.4871
47 35 13.7876
47 36 14.0934
47 37 14.4047
47 38 14.7214
47 39 15.0435
47 40 15.3709
47 41 15.7039
47 42 16.0422
47 43 16.3859
47 44 16.735
47 45 17.0896
47 46 17.4495
47 47 17.8149
47 48 18.1857
47 49 18.5618
47 50 0
48 0 0
48 1 7.2614
48 2 7.36005
48 3 7.47668
48 4 7.60536
48 5 7.74396
48 6 7.89033
48 7 8.04311
48 8 8.20163
48 9 8.36562
48 10 8.53503
48 11 8.70986
48 12 8.89009
48 13 9.07573
48 14 9.26678
48 15 9.46325
48 16 9.66512
48 17 9.87239
48 18 10.0851
48 19 10.3032
48 20 10.5267
48 21 10.7556
48 22 10.9899
48 23 11.2297
48 24 11.4748
48 25 11.7254
48 26 11.9813
48 27 12.2427
48 28 12.5095
48 29 12.7817
48 30 13.0593
48 31 13.3423
48 32 13.6307
48 33 13.9245
48 34 14.2238
48 35 14.5284
48 36 14.8385
48 37 15.1539
48 38 15.4748
48 39 15.8011
48 40 16.1328
48 41 16.4699
48 42 16.8124
48 43 17.1603
48 44 17.5137
48 45 17.8724
48 46 18.2365
48 47 18.6061
48 48 18.9811
48 49 19.3614
48 50 0
49 0 0
49 1 7.83668
49 2 7.95991
49 3 8.09544
49 4 8.23655
49 5 8.38311
49 6 8.53508
49 7 8.69246
49 8 8.85525
49 9 9.02346
49 10 9.19707
49 11 9.37609
49 12 9.56051
49 13 9.75035
49 14 9.9456
49 15 10.1463
49 16 10.3523
49 17 10.5638
49 18 10.7807
49 19 11.003
49 20 11.2307
49 21 11.4638
49 22 11.7023
49 23 11.9462
49 24 12.1956
49 25 12.4503
49 26 12.7105
49 27 12.976
49 28 13.247
49 29 13.5234
49 30 13.8052
49 31 14.0924
49 32 14.385
49 33 14.6831
49 34 14.9865
49 35 15.2953
49 36 15.6096
49 37 15.9292
49 38 16.2543
49 39 16.5848
49 40 16.9207
49 41 17.262
49 42 17.6087
49 43 17.9608
49 44 18.3183
49 45 18.6813
49 46 19.0496
49 47 19.4234
49 48 19.8025
49 49 20.1871
49 50 0
50 0 0
50 1 0
50 2 0
50 3 0
50 4 0
50 5 0
50 6 0
50 7 0
50 8 0
50 9 0
50 10 0
50 11 0
50 12 0
50 13 0
50 14 0
50 15 0
50 16 0
50 17 0
50 18 0
50 19 0
50 20 0
50 21 0
50 22 0
50 23 0
50 24 0
50 25 0
50 26 0
50 27 0
50 28 0
50 29 0
50 30 0
50 31 0
50 32 0
50 33 0
50 34 0
50 35 0
50 36 0
50 37 0
50 38 0
50 39 0
50 40 0
50 41 0
50 42 0
50 43 0
50 44 0
50 45 0
50 46 0
50 47 0
50 48 0
50 49 0
50 50 0
