50 -9.8952e-10 8.15901e-09 50 -2.71212e-10 8.63209e-10
0 0 0
0 1 0
0 2 0
0 3 0
0 4 0
0 5 0
0 6 0
0 7 0
0 8 0
0 9 0
0 10 0
0 11 0
0 12 0
0 13 0
0 14 0
0 15 0
0 16 0
0 17 0
0 18 0
0 19 0
0 20 0
0 21 0
0 22 0
0 23 0
0 24 0
0 25 0
0 26 0
0 27 0
0 28 0
0 29 0
0 30 0
0 31 0
0 32 0
0 33 0
0 34 0
0 35 0
0 36 0
0 37 0
0 38 0
0 39 0
0 40 0
0 41 0
0 42 0
0 43 0
0 44 0
0 45 0
0 46 0
0 47 0
0 48 0
0 49 0
0 50 0
1 0 0
1 1 11.6768
1 2 11.3961
1 3 11.1089
1 4 10.8312
1 5 10.5629
1 6 10.3041
1 7 10.0547
1 8 9.81486
1 9 9.5844
1 10 9.36344
1 11 9.15192
1 12 8.94985
1 13 8.75727
1 14 8.57413
1 15 8.40044
1 16 8.23624
1 17 8.08149
1 18 7.93617
1 19 7.80036
1 20 7.67399
1 21 7.55705
1 22 7.44962
1 23 7.35163
1 24 7.26308
1 25 7.18403
1 26 7.11442
1 27 7.05425
1 28 7.00358
1 29 6.96235
1 30 6.93056
1 31 6.90828
1 32 6.89543
1 33 6.89202
1 34 6.89812
1 35 6.91365
1 36 6.93863
1 37 6.9731
1 38 7.01701
1 39 7.07038
1 40 7.13323
1 41 7.20552
1 42 7.28727
1 43 7.37851
1 44 7.47918
1 45 7.58931
1 46 7.70892
1 47 7.83797
1 48 7.97649
1 49 8.12448
1 50 0
2 0 0
2 1 10.7721
2 2 10.5034
2 3 10.2289
2 4 9.96377
2 5 9.70814
2 6 9.46194
2 7 9.22523
2 8 8.99797
2 9 8.78016
2 10 8.57183
2 11 8.37296
2 12 8.18352
2 13 8.00358
2 14 7.83308
2 15 7.67203
2 16 7.52047
2 17 7.37836
2 18 7.24568
2 19 7.1225
2 20 7.00877
2 21 6.90448
2 22 6.80968
2 23 6.72433
2 24 6.64842
2 25 6.58201
2 26 6.52504
2 27 6.4775
2 28 6.43948
2 29 6.41088
2 30 6.39174
2 31 6.38209
2 32 6.38188
2 33 6.39111
2 34 6.40985
2 35 6.43802
2 36 6.47564
2 37 6.52275
2 38 6.5793
2 39 6.6453
2 40 6.7208
2 41 6.80572
2 42 6.90011
2 43 7.00399
2 44 7.1173
2 45 7.24007
2 46 7.37232
2 47 7.51401
2 48 7.66517
2 49 7.82579
2 50 0
3 0 0
3 1 9.83753
3 2 9.58179
3 3 9.32083
3 4 9.06934
3 5 8.82731
3 6 8.59472
3 7 8.37161
3 8 8.15796
3 9 7.95375
3 10 7.75903
3 11 7.57376
3 12 7.39793
3 13 7.23159
3 14 7.0747
3 15 6.92725
3 16 6.78929
3 17 6.66079
3 18 6.54172
3 19 6.43214
3 20 6.33202
3 21 6.24133
3 22 6.16014
3 23 6.08839
3 24 6.02608
3 25 5.97328
3 26 5.92991
3 27 5.89598
3 28 5.87156
3 29 5.85657
3 30 5.85103
3 31 5.85499
3 32 5.86838
3 33 5.89122
3 34 5.92356
3 35 5.96533
3 36 6.01656
3 37 6.07728
3 38 6.14743
3 39 6.22704
3 40 6.31614
3 41 6.41467
3 42 6.52266
3 43 6.64014
3 44 6.76706
3 45 6.90343
3 46 7.04929
3 47 7.20459
3 48 7.36935
3 49 7.54358
3 50 0
4 0 0
4 1 8.94537
4 2 8.70253
4 3 8.45517
4 4 8.21729
4 5 7.98887
4 6 7.76988
4 7 7.56038
4 8 7.36034
4 9 7.16974
4 10 6.98862
4 11 6.81696
4 12 6.65474
4 13 6.502
4 14 6.35872
4 15 6.22488
4 16 6.10053
4 17 5.98563
4 18 5.88017
4 19 5.7842
4 20 5.69768
4 21 5.6206
4 22 5.55302
4 23 5.49488
4 24 5.44618
4 25 5.40698
4 26 5.37722
4 27 5.3569
4 28 5.34609
4 29 5.34471
4 30 5.35277
4 31 5.37033
4 32 5.39734
4 33 5.43378
4 34 5.47973
4 35 5.53511
4 36 5.59994
4 37 5.67427
4 38 5.75803
4 39 5.85124
4 40 5.95395
4 41 6.06609
4 42 6.18769
4 43 6.31878
4 44 6.4593
4 45 6.60928
4 46 6.76875
4 47 6.93765
4 48 7.11602
4 49 7.30386
4 50 0
5 0 0
5 1 8.09578
5 2 7.86583
5 3 7.63209
5 4 7.40781
5 5 7.193
5 6 6.98762
5 7 6.79172
5 8 6.60529
5 9 6.4283
5 10 6.26078
5 11 6.10273
5 12 5.95412
5 13 5.81499
5 14 5.68532
5 15 5.56508
5 16 5.45434
5 17 5.35305
5 18 5.26119
5 19 5.17883
5 20 5.10592
5 21 5.04244
5 22 4.98847
5 23 4.94394
5 24 4.90884
5 25 4.88325
5 26 4.8671
5 27 4.86039
5 28 4.86318
5 29 4.87541
5 30 4.89708
5 31 4.92825
5 32 4.96886
5 33 5.01891
5 34 5.07847
5 35 5.14746
5 36 5.22589
5 37 5.31383
5 38 5.4112
5 39 5.51802
5 40 5.63433
5 41 5.76008
5 42 5.89529
5 43 6.03998
5 44 6.19411
5 45 6.3577
5 46 6.53077
5 47 6.71328
5 48 6.90526
5 49 7.1067
5 50 0
6 0 0
6 1 7.28874
6 2 7.07169
6 3 6.85155
6 4 6.64087
6 5 6.43967
6 6 6.2479
6 7 6.06561
6 8 5.89279
6 9 5.7294
6 10 5.5755
6 11 5.43105
6 12 5.29604
6 13 5.17052
6 14 5.05446
6 15 4.94783
6 16 4.85069
6 17 4.76301
6 18 4.68476
6 19 4.61601
6 20 4.5567
6 21 4.50684
6 22 4.46647
6 23 4.43554
6 24 4.41406
6 25 4.40207
6 26 4.39953
6 27 4.40642
6 28 4.42282
6 29 4.44866
6 30 4.48394
6 31 4.52872
6 32 4.58293
6 33 4.64659
6 34 4.71975
6 35 4.80235
6 36 4.8944
6 37 4.99594
6 38 5.10691
6 39 5.22734
6 40 5.35726
6 41 5.49662
6 42 5.64543
6 43 5.80373
6 44 5.97147
6 45 6.14867
6 46 6.33535
6 47 6.53146
6 48 6.73705
6 49 6.9521
6 50 0
7 0 0
7 1 6.52425
7 2 6.32009
7 3 6.11356
7 4 5.9165
7 5 5.7289
7 6 5.55074
7 7 5.38206
7 8 5.22284
7 9 5.07306
7 10 4.93276
7 11 4.80192
7 12 4.68052
7 13 4.56861
7 14 4.46615
7 15 4.37313
7 16 4.2896
7 17 4.21553
7 18 4.15088
7 19 4.09574
7 20 4.05004
7 21 4.01378
7 22 3.98702
7 23 3.96971
7 24 3.96182
7 25 3.96345
7 26 3.97451
7 27 3.99501
7 28 4.02502
7 29 4.06446
7 30 4.11335
7 31 4.17174
7 32 4.23956
7 33 4.31683
7 34 4.40359
7 35 4.4998
7 36 4.60545
7 37 4.7206
7 38 4.84518
7 39 4.97922
7 40 5.12275
7 41 5.27571
7 42 5.43813
7 43 5.61004
7 44 5.79138
7 45 5.98219
7 46 6.18248
7 47 6.3922
7 48 6.61139
7 49 6.84005
7 50 0
8 0 0
8 1 5.80234
8 2 5.61108
8 3 5.41815
8 4 5.2347
8 5 5.0607
8 6 4.89615
8 7 4.74108
8 8 4.59547
8 9 4.45929
8 10 4.3326
8 11 4.21537
8 12 4.10758
8 13 4.00927
8 14 3.92042
8 15 3.84101
8 16 3.77109
8 17 3.71061
8 18 3.65957
8 19 3.61803
8 20 3.58594
8 21 3.56329
8 22 3.55014
8 23 3.54644
8 24 3.55217
8 25 3.5674
8 26 3.59207
8 27 3.62618
8 28 3.66979
8 29 3.72284
8 30 3.78533
8 31 3.85733
8 32 3.93876
8 33 4.02964
8 34 4.13001
8 35 4.23982
8 36 4.35908
8 37 4.48784
8 38 4.62603
8 39 4.77367
8 40 4.93081
8 41 5.09738
8 42 5.27341
8 43 5.45892
8 44 5.65387
8 45 5.85829
8 46 6.07218
8 47 6.29551
8 48 6.52831
8 49 6.77057
8 50 0
9 0 0
9 1 5.12298
9 2 4.94461
9 3 4.76529
9 4 4.59544
9 5 4.43506
9 6 4.28411
9 7 4.14264
9 8 4.01064
9 9 3.88807
9 10 3.77497
9 11 3.6713
9 12 3.57698
9 13 3.49197
9 14 3.41616
9 15 3.34949
9 16 3.29202
9 17 3.24392
9 18 3.20541
9 19 3.17683
9 20 3.15825
9 21 3.14982
9 22 3.15142
9 23 3.16271
9 24 3.18336
9 25 3.21316
9 26 3.25196
9 27 3.29986
9 28 3.35711
9 29 3.42377
9 30 3.49987
9 31 3.58547
9 32 3.68051
9 33 3.78499
9 34 3.89897
9 35 4.02239
9 36 4.15526
9 37 4.29762
9 38 4.44942
9 39 4.61067
9 40 4.78141
9 41 4.96159
9 42 5.15123
9 43 5.35035
9 44 5.55891
9 45 5.77693
9 46 6.00443
9 47 6.24137
9 48 6.48777
9 49 6.74364
9 50 0
10 0 0
10 1 4.48617
10 2 4.32069
10 3 4.15498
10 4 3.99873
10 5 3.85195
10 6 3.71456
10 7 3.58646
10 8 3.46729
10 9 3.35635
10 10 3.2527
10 11 3.15559
10 12 3.06469
10 13 2.98072
10 14 2.90496
10 15 2.83922
10 16 2.78508
10 17 2.74388
10 18 2.71623
10 19 2.70241
10 20 2.70208
10 21 2.71479
10 22 2.73985
10 23 2.77624
10 24 2.82292
10 25 2.8787
10 26 2.94204
10 27 3.0114
10 28 3.0861
10 29 3.16726
10 30 3.25696
10 31 3.35616
10 32 3.46481
10 33 3.5829
10 34 3.71049
10 35 3.84751
10 36 3.99399
10 37 4.14996
10 38 4.31536
10 39 4.49022
10 40 4.67457
10 41 4.86836
10 42 5.0716
10 43 5.28433
10 44 5.50649
10 45 5.73812
10 46 5.97923
10 47 6.22978
10 48 6.48979
10 49 6.75927
10 50 0
11 0 0
11 1 3.89193
11 2 3.7393
11 3 3.58692
11 4 3.44318
11 5 3.30659
11 6 3.17483
11 7 3.04564
11 8 2.91817
11 9 2.79351
11 10 2.67464
11 11 2.56523
11 12 2.46818
11 13 2.38571
11 14 2.3189
11 15 2.26822
11 16 2.23376
11 17 2.21509
11 18 2.21162
11 19 2.22271
11 20 2.24746
11 21 2.28499
11 22 2.3345
11 23 2.39508
11 24 2.46599
11 25 2.54667
11 26 2.63653
11 27 2.73495
11 28 2.84048
11 29 2.94906
11 30 3.05688
11 31 3.1695
11 32 3.29169
11 33 3.42338
11 34 3.56458
11 35 3.71521
11 36 3.8753
11 37 4.04487
11 38 4.22388
11 39 4.41235
11 40 4.61031
11 41 4.8177
11 42 5.03455
11 43 5.26089
11 44 5.49666
11 45 5.7419
11 46 5.99661
11 47 6.26076
11 48 6.53438
11 49 6.81747
11 50 0
12 0 0
12 1 3.33734
12 2 3.19125
12 3 3.03832
12 4 2.88428
12 5 2.72947
12 6 2.57698
12 7 2.43118
12 8 2.29581
12 9 2.17349
12 10 2.06607
12 11 1.97457
12 12 1.89955
12 13 1.84135
12 14 1.79985
12 15 1.77471
12 16 1.76554
12 17 1.77159
12 18 1.79207
12 19 1.82622
12 20 1.87305
12 21 1.93167
12 22 2.00132
12 23 2.08116
12 24 2.17057
12 25 2.26913
12 26 2.37654
12 27 2.49278
12 28 2.61818
12 29 2.75288
12 30 2.8932
12 31 3.0264
12 32 3.16116
12 33 3.30642
12 34 3.46122
12 35 3.62546
12 36 3.79915
12 37 3.98233
12 38 4.17495
12 39 4.37703
12 40 4.58859
12 41 4.80959
12 42 5.04005
12 43 5.27999
12 44 5.52937
12 45 5.78822
12 46 6.05654
12 47 6.3343
12 48 6.62153
12 49 6.91822
12 50 0
13 0 0
13 1 2.7799
13 2 2.61778
13 3 2.44827
13 4 2.28399
13 5 2.12824
13 6 1.98358
13 7 1.85207
13 8 1.73519
13 9 1.634
13 10 1.54932
13 11 1.48149
13 12 1.43056
13 13 1.3965
13 14 1.37885
13 15 1.37704
13 16 1.39047
13 17 1.41826
13 18 1.45951
13 19 1.51342
13 20 1.579
13 21 1.65541
13 22 1.74194
13 23 1.83786
13 24 1.94267
13 25 2.05614
13 26 2.17811
13 27 2.30878
13 28 2.44872
13 29 2.59869
13 30 2.75968
13 31 2.92429
13 32 3.07377
13 33 3.232
13 34 3.40041
13 35 3.57825
13 36 3.76555
13 37 3.96234
13 38 4.16857
13 39 4.38425
13 40 4.60942
13 41 4.84403
13 42 5.08809
13 43 5.34165
13 44 5.60463
13 45 5.87708
13 46 6.15901
13 47 6.45038
13 48 6.75121
13 49 7.06151
13 50 0
14 0 0
14 1 2.22312
14 2 2.06098
14 3 1.89725
14 4 1.74377
14 5 1.60266
14 6 1.47552
14 7 1.36371
14 8 1.26811
14 9 1.18923
14 10 1.12743
14 11 1.08267
14 12 1.05468
14 13 1.04312
14 14 1.04735
14 15 1.06663
14 16 1.10021
14 17 1.14717
14 18 1.20657
14 19 1.27761
14 20 1.35935
14 21 1.45101
14 22 1.55198
14 23 1.66167
14 24 1.77972
14 25 1.90605
14 26 2.04069
14 27 2.18402
14 28 2.33681
14 29 2.50003
14 30 2.67507
14 31 2.86095
14 32 3.02976
14 33 3.20017
14 34 3.38218
14 35 3.57363
14 36 3.77454
14 37 3.98493
14 38 4.20477
14 39 4.43406
14 40 4.67284
14 41 4.92105
14 42 5.17872
14 43 5.44588
14 44 5.72248
14 45 6.00853
14 46 6.30407
14 47 6.60905
14 48 6.92349
14 49 7.24739
14 50 0
15 0 0
15 1 1.72333
15 2 1.57022
15 3 1.41951
15 4 1.28206
15 5 1.15931
15 6 1.05228
15 7 0.961839
15 8 0.888399
15 9 0.832044
15 10 0.792683
15 11 0.769906
15 12 0.763276
15 13 0.772441
15 14 0.796665
15 15 0.835004
15 16 0.886626
15 17 0.950594
15 18 1.026
15 19 1.11207
15 20 1.20796
15 21 1.31297
15 22 1.4266
15 23 1.54841
15 24 1.67817
15 25 1.81598
15 26 1.96203
15 27 2.11689
15 28 2.28147
15 29 2.45693
15 30 2.64484
15 31 2.8449
15 32 3.02766
15 33 3.21088
15 34 3.40649
15 35 3.61156
15 36 3.82607
15 37 4.05007
15 38 4.28351
15 39 4.52641
15 40 4.7788
15 41 5.04062
15 42 5.3119
15 43 5.59266
15 44 5.88287
15 45 6.18253
15 46 6.49168
15 47 6.81026
15 48 7.13831
15 49 7.47582
15 50 0
16 0 0
16 1 1.2876
16 2 1.14865
16 3 1.01524
16 4 0.897199
16 5 0.79592
16 6 0.712374
16 7 0.646733
16 8 0.597914
16 9 0.564694
16 10 0.546227
16 11 0.542072
16 12 0.552236
16 13 0.577324
16 14 0.618121
16 15 0.674072
16 16 0.742138
16 17 0.821291
16 18 0.910937
16 19 1.01037
16 20 1.11883
16 21 1.23575
16 22 1.36074
16 23 1.4935
16 24 1.63395
16 25 1.78232
16 26 1.93898
16 27 2.10461
16 28 2.28032
16 29 2.46737
16 30 2.66747
16 31 2.87706
16 32 3.06627
16 33 3.26413
16 34 3.47336
16 35 3.69203
16 36 3.92015
16 37 4.15776
16 38 4.40481
16 39 4.66131
16 40 4.9273
16 41 5.20273
16 42 5.48762
16 43 5.78199
16 44 6.0858
16 45 6.39907
16 46 6.72183
16 47 7.05402
16 48 7.39567
16 49 7.74679
16 50 0
17 0 0
17 1 0.918298
17 2 0.79787
17 3 0.687661
17 4 0.596999
17 5 0.524611
17 6 0.467731
17 7 0.424986
17 8 0.395819
17 9 0.380164
17 10 0.378106
17 11 0.389625
17 12 0.414701
17 13 0.453464
17 14 0.506251
17 15 0.575341
17 16 0.659572
17 17 0.752512
17 18 0.854926
17 19 0.966366
17 20 1.08619
17 21 1.21393
17 22 1.34933
17 23 1.49221
17 24 1.64263
17 25 1.80096
17 26 1.96767
17 27 2.14361
17 28 2.32997
17 29 2.52814
17 30 2.73951
17 31 2.94987
17 32 3.14718
17 33 3.35996
17 34 3.5828
17 35 3.81508
17 36 4.0568
17 37 4.30802
17 38 4.56868
17 39 4.83879
17 40 5.11839
17 41 5.40743
17 42 5.70592
17 43 6.0139
17 44 6.33132
17 45 6.6582
17 46 6.99456
17 47 7.34035
17 48 7.69562
17 49 8.06034
17 50 0
18 0 0
18 1 0.623587
18 2 0.531366
18 3 0.449648
18 4 0.382163
18 5 0.328096
18 6 0.287443
18 7 0.260371
18 8 0.24688
18 9 0.246932
18 10 0.2606
18 11 0.287846
18 12 0.328637
18 13 0.38305
18 14 0.45104
18 15 0.533407
18 16 0.632288
18 17 0.737921
18 18 0.851872
18 19 0.97422
18 20 1.10444
18 21 1.24216
18 22 1.38726
18 23 1.53965
18 24 1.69954
18 25 1.86738
18 26 2.04378
18 27 2.22965
18 28 2.4263
18 29 2.6351
18 30 2.85291
18 31 3.05768
18 32 3.27145
18 33 3.49835
18 34 3.7348
18 35 3.98068
18 36 4.23601
18 37 4.50084
18 38 4.7751
18 39 5.05882
18 40 5.35203
18 41 5.65467
18 42 5.96677
18 43 6.28836
18 44 6.61938
18 45 6.95987
18 46 7.30984
18 47 7.66924
18 48 8.03811
18 49 8.41644
18 50 0
19 0 0
19 1 0.40947
19 2 0.335363
19 3 0.269732
19 4 0.217651
19 5 0.179156
19 6 0.154204
19 7 0.142862
19 8 0.145105
19 9 0.160892
19 10 0.190295
19 11 0.233277
19 12 0.289803
19 13 0.359951
19 14 0.443694
19 15 0.542481
19 16 0.65514
19 17 0.771756
19 18 0.896198
19 19 1.02854
19 20 1.16836
19 21 1.31541
19 22 1.46964
19 23 1.6311
19 24 1.80006
19 25 1.97708
19 26 2.16284
19 27 2.35832
19 28 2.56486
19 29 2.78199
19 30 2.99371
19 31 3.20807
19 32 3.43873
19 33 3.67928
19 34 3.92934
19 35 4.18883
19 36 4.45777
19 37 4.7362
19 38 5.02407
19 39 5.3214
19 40 5.62821
19 41 5.94446
19 42 6.27017
19 43 6.60537
19 44 6.95
19 45 7.30409
19 46 7.66767
19 47 8.04068
19 48 8.42316
19 49 8.81509
19 50 0
20 0 0
20 1 0.245915
20 2 0.186457
20 3 0.136506
20 4 0.100154
20 5 0.077393
20 6 0.0681768
20 7 0.0725699
20 8 0.0905477
20 9 0.12207
20 10 0.167208
20 11 0.225925
20 12 0.298187
20 13 0.384076
20 14 0.484141
20 15 0.600805
20 16 0.722604
20 17 0.848861
20 18 0.982901
20 19 1.12447
20 20 1.27325
20 21 1.42908
20 22 1.59199
20 23 1.76213
20 24 1.93983
20 25 2.12573
20 26 2.32055
20 27 2.5253
20 28 2.74018
20 29 2.95453
20 30 3.17001
20 31 3.40392
20 32 3.64863
20 33 3.90279
20 34 4.16645
20 35 4.43955
20 36 4.7221
20 37 5.01414
20 38 5.31562
20 39 5.62655
20 40 5.94697
20 41 6.27683
20 42 6.61615
20 43 6.96495
20 44 7.32319
20 45 7.69089
20 46 8.06807
20 47 8.45469
20 48 8.85077
20 49 9.25632
20 50 0
21 0 0
21 1 0.129235
21 2 0.0846874
21 3 0.0504703
21 4 0.0298536
21 5 0.0228277
21 6 0.0293468
21 7 0.049475
21 8 0.083188
21 9 0.130446
21 10 0.191319
21 11 0.265771
21 12 0.353778
21 13 0.455942
21 14 0.574734
21 15 0.701244
21 16 0.829314
21 17 0.964644
21 18 1.10752
21 19 1.25768
21 20 1.41488
21 21 1.57903
21 22 1.75026
21 23 1.92876
21 24 2.11492
21 25 2.30942
21 26 2.51299
21 27 2.72566
21 28 2.9392
21 29 3.15675
21 30 3.3939
21 31 3.64276
21 32 3.90108
21 33 4.16885
21 34 4.44612
21 35 4.73283
21 36 5.02898
21 37 5.33463
21 38 5.64972
21 39 5.97426
21 40 6.30829
21 41 6.65175
21 42 7.00468
21 43 7.36709
21 44 7.73893
21 45 8.12024
21 46 8.51103
21 47 8.91125
21 48 9.32095
21 49 9.7401
21 50 0
22 0 0
22 1 0.0597424
22 2 0.0301046
22 3 0.011622
22 4 0.00674051
22 5 0.0154498
22 6 0.037704
22 7 0.0735674
22 8 0.123016
22 9 0.186009
22 10 0.262617
22 11 0.352842
22 12 0.457372
22 13 0.578151
22 14 0.706133
22 15 0.835318
22 16 0.971423
22 17 1.11519
22 18 1.26628
22 19 1.4245
22 20 1.58968
22 21 1.7618
22 22 1.94104
22 23 2.12764
22 24 2.32203
22 25 2.52486
22 26 2.73567
22 27 2.94769
22 28 3.16776
22 29 3.40872
22 30 3.66166
22 31 3.92416
22 32 4.19609
22 33 4.47747
22 34 4.76834
22 35 5.06865
22 36 5.37842
22 37 5.69767
22 38 6.02637
22 39 6.36451
22 40 6.71215
22 41 7.06922
22 42 7.43575
22 43 7.81177
22 44 8.19722
22 45 8.59214
22 46 8.99653
22 47 9.41037
22 48 9.83367
22 49 10.2664
22 50 0
23 0 0
23 1 0.0374619
23 2 0.0227345
23 3 0.0199863
23 4 0.03084
23 5 0.0552844
23 6 0.0932738
23 7 0.144872
23 8 0.210056
23 9 0.288789
23 10 0.381291
23 11 0.488651
23 12 0.610109
23 13 0.73627
23 14 0.865266
23 15 1.00155
23 16 1.14568
23 17 1.29729
23 18 1.4561
23 19 1.62198
23 20 1.79483
23 21 1.97468
23 22 2.16174
23 23 2.35628
23 24 2.55868
23 25 2.76774
23 26 2.97866
23 27 3.20282
23 28 3.44831
23 29 3.70542
23 30 3.97202
23 31 4.24812
23 32 4.53366
23 33 4.82865
23 34 5.13313
23 35 5.44705
23 36 5.77042
23 37 6.10328
23 38 6.44558
23 39 6.79734
23 40 7.15858
23 41 7.52926
23 42 7.9094
23 43 8.29902
23 44 8.69808
23 45 9.10661
23 46 9.52461
23 47 9.95205
23 48 10.389
23 49 10.8353
23 50 0
24 0 0
24 1 0.0623839
24 2 0.0625667
24 3 0.0755531
24 4 0.102142
24 5 0.142321
24 6 0.196046
24 7 0.263383
24 8 0.344357
24 9 0.439332
24 10 0.548708
24 11 0.667683
24 12 0.789954
24 13 0.917857
24 14 1.05382
24 15 1.19777
24 16 1.34941
24 17 1.50845
24 18 1.67467
24 19 1.84798
24 20 2.02835
24 21 2.21582
24 22 2.41066
24 23 2.6129
24 24 2.82023
24 25 3.03155
24 26 3.26228
24 27 3.51266
24 28 3.77396
24 29 4.04473
24 30 4.32494
24 31 4.61465
24 32 4.91379
24 33 5.22239
24 34 5.54048
24 35 5.86801
24 36 6.20498
24 37 6.55145
24 38 6.90736
24 39 7.27272
24 40 7.64757
24 41 8.03186
24 42 8.42561
24 43 8.82884
24 44 9.2415
24 45 9.66364
24 46 10.0952
24 47 10.5363
24 48 10.9868
24 49 11.4468
24 50 0
25 0 0
25 1 0.134493
25 2 0.149586
25 3 0.178307
25 4 0.220631
25 5 0.276551
25 6 0.346062
25 7 0.429386
25 8 0.526296
25 9 0.633764
25 10 0.746901
25 11 0.865512
25 12 0.992117
25 13 1.12726
25 14 1.27062
25 15 1.42184
25 16 1.58071
25 17 1.74697
25 18 1.92047
25 19 2.1012
25 20 2.28913
25 21 2.48433
25 22 2.68634
25 23 2.89229
25 24 3.10765
25 25 3.34654
25 26 3.60185
25 27 3.86728
25 28 4.14221
25 29 4.42659
25 30 4.7204
25 31 5.02372
25 32 5.33648
25 33 5.65868
25 34 5.99037
25 35 6.33151
25 36 6.68209
25 37 7.04217
25 38 7.41169
25 39 7.79065
25 40 8.17911
25 41 8.57701
25 42 8.98436
25 43 9.4012
25 44 9.82747
25 45 10.2632
25 46 10.7084
25 47 11.1631
25 48 11.6272
25 49 12.1008
25 50 0
26 0 0
26 1 0.25381
26 2 0.283818
26 3 0.328296
26 4 0.386453
26 5 0.458173
26 6 0.542598
26 7 0.636897
26 8 0.737972
26 9 0.845758
26 10 0.962009
26 11 1.08723
26 12 1.22116
26 13 1.36354
26 14 1.51404
26 15 1.67238
26 16 1.83842
26 17 2.01195
26 18 2.1929
26 19 2.38128
26 20 2.57692
26 21 2.7783
26 22 2.98474
26 23 3.20899
26 24 3.45589
26 25 3.71585
26 26 3.98545
26 27 4.26449
26 28 4.55303
26 29 4.85101
26 30 5.15844
26 31 5.47536
26 32 5.80172
26 33 6.13753
26 34 6.48284
26 35 6.83758
26 36 7.20177
26 37 7.57545
26 38 7.95858
26 39 8.35115
26 40 8.75322
26 41 9.16472
26 42 9.58568
26 43 10.0161
26 44 10.456
26 45 10.9054
26 46 11.3642
26 47 11.8324
26 48 12.3102
26 49 12.7974
26 50 0
27 0 0
27 1 0.420448
27 2 0.46534
27 3 0.524825
27 4 0.595757
27 5 0.675535
27 6 0.763081
27 7 0.858955
27 8 0.96405
27 9 1.07853
27 10 1.2022
27 11 1.33477
27 12 1.47592
27 13 1.62545
27 14 1.78312
27 15 1.94873
27 16 2.12219
27 17 2.30337
27 18 2.49219
27 19 2.68792
27 20 2.88863
27 21 3.10096
27 22 3.33686
27 23 3.59041
27 24 3.85463
27 25 4.12841
27 26 4.41161
27 27 4.70426
27 28 5.00641
27 29 5.318
27 30 5.63903
27 31 5.96956
27 32 6.30953
27 33 6.65895
27 34 7.01786
27 35 7.38621
27 36 7.76401
27 37 8.1513
27 38 8.54803
27 39 8.95421
27 40 9.36989
27 41 9.795
27 42 10.2296
27 43 10.6736
27 44 11.1271
27 45 11.5901
27 46 12.0625
27 47 12.5444
27 48 13.0357
27 49 13.5365
27 50 0
28 0 0
28 1 0.626941
28 2 0.680202
28 3 0.745235
28 4 0.819605
28 5 0.903585
28 6 0.997342
28 7 1.10081
28 8 1.21375
28 9 1.3359
28 10 1.46706
28 11 1.60699
28 12 1.75549
28 13 1.91242
28 14 2.07762
28 15 2.25097
28 16 2.43244
28 17 2.6216
28 18 2.81679
28 19 3.02061
28 20 3.24511
28 21 3.49108
28 22 3.74983
28 23 4.01826
28 24 4.29613
28 25 4.58351
28 26 4.88033
28 27 5.18658
28 28 5.50234
28 29 5.82754
28 30 6.16218
28 31 6.50632
28 32 6.85989
28 33 7.22291
28 34 7.59543
28 35 7.97739
28 36 8.3688
28 37 8.7697
28 38 9.18003
28 39 9.59982
28 40 10.0291
28 41 10.4678
28 42 10.916
28 43 11.3737
28 44 11.8408
28 45 12.3173
28 46 12.8034
28 47 13.2988
28 48 13.8038
28 49 14.3182
28 50 0
29 0 0
29 1 0.842537
29 2 0.902919
29 3 0.976066
29 4 1.05912
29 5 1.15191
29 6 1.25423
29 7 1.36594
29 8 1.48687
29 9 1.61683
29 10 1.75571
29 11 1.90336
29 12 2.05966
29 13 2.22457
29 14 2.39802
29 15 2.57973
29 16 2.7686
29 17 2.96551
29 18 3.1803
29 19 3.41809
29 20 3.671
29 21 3.93407
29 22 4.20667
29 23 4.48872
29 24 4.78019
29 25 5.08118
29 26 5.3916
29 27 5.71146
29 28 6.04083
29 29 6.37963
29 30 6.72788
29 31 7.08563
29 32 7.45281
29 33 7.82944
29 34 8.21557
29 35 8.61113
29 36 9.01614
29 37 9.43065
29 38 9.85459
29 39 10.288
29 40 10.7309
29 41 11.1832
29 42 11.645
29 43 12.1163
29 44 12.597
29 45 13.0871
29 46 13.5868
29 47 14.0959
29 48 14.6144
29 49 15.1424
29 50 0
30 0 0
30 1 1.07407
30 2 1.14438
30 3 1.22753
30 4 1.32011
30 5 1.42202
30 6 1.5331
30 7 1.65332
30 8 1.78258
30 9 1.92078
30 10 2.06792
30 11 2.22396
30 12 2.38885
30 13 2.5625
30 14 2.74404
30 15 2.93416
30 16 3.14123
30 17 3.37129
30 18 3.61817
30 19 3.87591
30 20 4.14317
30 21 4.41988
30 22 4.70609
30 23 5.00174
30 24 5.30683
30 25 5.62142
30 26 5.94545
30 27 6.27892
30 28 6.62189
30 29 6.9743
30 30 7.33615
30 31 7.70751
30 32 8.0883
30 33 8.47854
30 34 8.87827
30 35 9.28744
30 36 9.70606
30 37 10.1342
30 38 10.5717
30 39 11.0187
30 40 11.4752
30 41 11.9412
30 42 12.4165
30 43 12.9014
30 44 13.3957
30 45 13.8995
30 46 14.4128
30 47 14.9355
30 48 15.4676
30 49 16.0092
30 50 0
31 0 0
31 1 1.3253
31 2 1.40581
31 3 1.49924
31 4 1.60166
31 5 1.71303
31 6 1.83331
31 7 1.96253
31 8 2.10071
31 9 2.24787
31 10 2.4041
31 11 2.5693
31 12 2.74296
31 13 2.92624
31 14 3.12673
31 15 3.35023
31 16 3.59134
31 17 3.84368
31 18 4.10561
31 19 4.37705
31 20 4.65792
31 21 4.94824
31 22 5.24805
31 23 5.55731
31 24 5.876
31 25 6.2042
31 26 6.54184
31 27 6.88891
31 28 7.2455
31 29 7.61151
31 30 7.98697
31 31 8.37194
31 32 8.76633
31 33 9.17018
31 34 9.58352
31 35 10.0063
31 36 10.4385
31 37 10.8802
31 38 11.3314
31 39 11.792
31 40 12.2621
31 41 12.7417
31 42 13.2307
31 43 13.7291
31 44 14.2371
31 45 14.7544
31 46 15.2813
31 47 15.8176
31 48 16.3634
31 49 16.9186
31 50 0
32 0 0
32 1 1.59569
32 2 1.68677
32 3 1.7909
32 4 1.90362
32 5 2.02498
32 6 2.15504
32 7 2.29397
32 8 2.44186
32 9 2.59868
32 10 2.76441
32 11 2.94113
32 12 3.13644
32 13 3.35479
32 14 3.59044
32 15 3.83741
32 16 4.09406
32 17 4.36016
32 18 4.6357
32 19 4.92074
32 20 5.21523
32 21 5.51915
32 22 5.83257
32 23 6.15543
32 24 6.48774
32 25 6.82954
32 26 7.18079
32 27 7.54147
32 28 7.91166
32 29 8.29128
32 30 8.68035
32 31 9.07892
32 32 9.48693
32 33 9.90438
32 34 10.3313
32 35 10.7677
32 36 11.2135
32 37 11.6689
32 38 12.1336
32 39 12.6079
32 40 13.0916
32 41 13.5847
32 42 14.0873
32 43 14.5994
32 44 15.1209
32 45 15.6519
32 46 16.1924
32 47 16.7423
32 48 17.3017
32 49 17.8705
32 50 0
33 0 0
33 1 1.8861
33 2 1.98816
33 3 2.10345
33 4 2.22698
33 5 2.35891
33 6 2.49938
33 7 2.64856
33 8 2.80698
33 9 2.97839
33 10 3.17046
33 11 3.38484
33 12 3.61544
33 13 3.85715
33 14 4.10848
33 15 4.36925
33 16 4.63951
33 17 4.91922
33 18 5.20837
33 19 5.50701
33 20 5.8151
33 21 6.13263
33 22 6.45966
33 23 6.79613
33 24 7.14204
33 25 7.49746
33 26 7.86231
33 27 8.2366
33 28 8.6204
33 29 9.01363
33 30 9.4163
33 31 9.82848
33 32 10.2501
33 33 10.6811
33 34 11.1217
33 35 11.5717
33 36 12.0311
33 37 12.5001
33 38 12.9785
33 39 13.4663
33 40 13.9636
33 41 14.4703
33 42 14.9866
33 43 15.5123
33 44 16.0474
33 45 16.592
33 46 17.1461
33 47 17.7096
33 48 18.2826
33 49 18.865
33 50 0
34 0 0
34 1 2.19901
34 2 2.31234
34 3 2.43913
34 4 2.57379
34 5 2.71663
34 6 2.86959
34 7 3.03832
34 8 3.22905
34 9 3.44047
34 10 3.6664
34 11 3.90285
34 12 4.14884
34 13 4.40432
34 14 4.66926
34 15 4.94363
34 16 5.2275
34 17 5.52082
34 18 5.82358
34 19 6.13583
34 20 6.45753
34 21 6.78867
34 22 7.1293
34 23 7.47938
34 24 7.8389
34 25 8.20792
34 26 8.58638
34 27 8.97428
34 28 9.37168
34 29 9.77852
34 30 10.1948
34 31 10.6206
34 32 11.0558
34 33 11.5005
34 34 11.9546
34 35 12.4182
34 36 12.8913
34 37 13.3738
34 38 13.8658
34 39 14.3672
34 40 14.8782
34 41 15.3985
34 42 15.9283
34 43 16.4676
34 44 17.0164
34 45 17.5746
34 46 18.1423
34 47 18.7194
34 48 19.306
34 49 19.902
34 50 0
35 0 0
35 1 2.53873
35 2 2.66316
35 3 2.8021
35 4 2.95286
35 5 3.12219
35 6 3.3133
35 7 3.5221
35 8 3.74331
35 9 3.97448
35 10 4.21519
35 11 4.46535
35 12 4.72495
35 13 4.99405
35 14 5.27259
35 15 5.56057
35 16 5.85805
35 17 6.16498
35 18 6.48134
35 19 6.8072
35 20 7.14251
35 21 7.48725
35 22 7.84149
35 23 8.20518
35 24 8.5783
35 25 8.96093
35 26 9.353
35 27 9.7545
35 28 10.1655
35 29 10.586
35 30 11.0158
35 31 11.4552
35 32 11.9041
35 33 12.3623
35 34 12.8301
35 35 13.3073
35 36 13.794
35 37 14.2901
35 38 14.7957
35 39 15.3108
35 40 15.8353
35 41 16.3693
35 42 16.9127
35 43 17.4656
35 44 18.0279
35 45 18.5997
35 46 19.181
35 47 19.7718
35 48 20.372
35 49 20.9816
35 50 0
36 0 0
36 1 2.91465
36 2 3.06038
36 3 3.23295
36 4 3.42444
36 5 3.62997
36 6 3.84621
36 7 4.07213
36 8 4.30752
36 9 4.55235
36 10 4.80667
36 11 5.07044
36 12 5.34365
36 13 5.62635
36 14 5.9185
36 15 6.22009
36 16 6.53118
36 17 6.85171
36 18 7.18168
36 19 7.52115
36 20 7.87006
36 21 8.22841
36 22 8.59626
36 23 8.97356
36 24 9.36029
36 25 9.75652
36 26 10.1622
36 27 10.5773
36 28 11.0019
36 29 11.436
36 30 11.8795
36 31 12.3325
36 32 12.7949
36 33 13.2668
36 34 13.7482
36 35 14.239
36 36 14.7392
36 37 15.249
36 38 15.7682
36 39 16.2968
36 40 16.835
36 41 17.3826
36 42 17.9396
36 43 18.5061
36 44 19.0821
36 45 19.6675
36 46 20.2624
36 47 20.8667
36 48 21.4805
36 49 22.1038
36 50 0
37 0 0
37 1 3.38198
37 2 3.56277
37 3 3.76402
37 4 3.97513
37 5 4.19574
37 6 4.4258
37 7 4.66534
37 8 4.91434
37 9 5.17278
37 10 5.4407
37 11 5.71808
37 12 6.0049
37 13 6.3012
37 14 6.60696
37 15 6.92216
37 16 7.24685
37 17 7.58099
37 18 7.92457
37 19 8.27764
37 20 8.64016
37 21 9.01212
37 22 9.39358
37 23 9.78448
37 24 10.1848
37 25 10.5947
37 26 11.0139
37 27 11.4427
37 28 11.8809
37 29 12.3285
37 30 12.7857
37 31 13.2523
37 32 13.7283
37 33 14.2138
37 34 14.7088
37 35 15.2132
37 36 15.7271
37 37 16.2504
37 38 16.7832
37 39 17.3255
37 40 17.8772
37 41 18.4384
37 42 19.0091
37 43 19.5892
37 44 20.1787
37 45 20.7778
37 46 21.3863
37 47 22.0042
37 48 22.6316
37 49 23.2685
37 50 0
38 0 0
38 1 3.93447
38 2 4.13002
38 3 4.3453
38 4 4.57006
38 5 4.80428
38 6 5.04795
38 7 5.30109
38 8 5.5637
38 9 5.83575
38 10 6.11727
38 11 6.40826
38 12 6.70869
38 13 7.0186
38 14 7.33797
38 15 7.66677
38 16 8.00507
38 17 8.35282
38 18 8.71
38 19 9.07668
38 20 9.45281
38 21 9.83838
38 22 10.2334
38 23 10.638
38 24 11.0519
38 25 11.4753
38 26 11.9082
38 27 12.3506
38 28 12.8024
38 29 13.2637
38 30 13.7344
38 31 14.2146
38 32 14.7042
38 33 15.2033
38 34 15.7119
38 35 16.23
38 36 16.7574
38 37 17.2944
38 38 17.8408
38 39 18.3967
38 40 18.962
38 41 19.5368
38 42 20.1211
38 43 20.7148
38 44 21.318
38 45 21.9306
38 46 22.5527
38 47 23.1843
38 48 23.8253
38 49 24.4757
38 50 0
39 0 0
39 1 4.53187
39 2 4.74032
39 3 4.9692
39 4 5.20757
39 5 5.45541
39 6 5.71268
39 7 5.97943
39 8 6.25565
39 9 6.5413
39 10 6.83643
39 11 7.14103
39 12 7.45506
39 13 7.77858
39 14 8.11156
39 15 8.45397
39 16 8.80587
39 17 9.16723
39 18 9.53802
39 19 9.91831
39 20 10.308
39 21 10.7072
39 22 11.1159
39 23 11.534
39 24 11.9616
39 25 12.3986
39 26 12.8451
39 27 13.301
39 28 13.7665
39 29 14.2414
39 30 14.7257
39 31 15.2195
39 32 15.7228
39 33 16.2355
39 34 16.7577
39 35 17.2893
39 36 17.8304
39 37 18.381
39 38 18.941
39 39 19.5104
39 40 20.0894
39 41 20.6778
39 42 21.2757
39 43 21.883
39 44 22.4998
39 45 23.126
39 46 23.7617
39 47 24.4069
39 48 25.0615
39 49 25.7256
39 50 0
40 0 0
40 1 5.17183
40 2 5.39317
40 3 5.63566
40 4 5.88763
40 5 6.14908
40 6 6.41996
40 7 6.70032
40 8 6.99014
40 9 7.2894
40 10 7.59814
40 11 7.91634
40 12 8.24398
40 13 8.58111
40 14 8.92769
40 15 9.28371
40 16 9.64922
40 17 10.0242
40 18 10.4086
40 19 10.8025
40 20 11.2058
40 21 11.6186
40 22 12.0409
40 23 12.4726
40 24 12.9138
40 25 13.3644
40 26 13.8245
40 27 14.2941
40 28 14.7731
40 29 15.2616
40 30 15.7595
40 31 16.267
40 32 16.7838
40 33 17.3101
40 34 17.8459
40 35 18.3912
40 36 18.9459
40 37 19.5101
40 38 20.0837
40 39 20.6668
40 40 21.2593
40 41 21.8613
40 42 22.4728
40 43 23.0937
40 44 23.7241
40 45 24.364
40 46 25.0133
40 47 25.6721
40 48 26.3403
40 49 27.018
40 50 0
41 0 0
41 1 5.85433
41 2 6.08857
41 3 6.34466
41 4 6.61024
41 5 6.88529
41 6 7.16978
41 7 7.46375
41 8 7.76718
41 9 8.08004
41 10 8.40239
41 11 8.7342
41 12 9.07545
41 13 9.42619
41 14 9.78638
41 15 10.156
41 16 10.5351
41 17 10.9237
41 18 11.3217
41 19 11.7292
41 20 12.1462
41 21 12.5725
41 22 13.0084
41 23 13.4538
41 24 13.9085
41 25 14.3728
41 26 14.8465
41 27 15.3297
41 28 15.8223
41 29 16.3244
41 30 16.8359
41 31 17.357
41 32 17.8874
41 33 18.4274
41 34 18.9768
41 35 19.5356
41 36 20.1039
41 37 20.6817
41 38 21.2689
41 39 21.8656
41 40 22.4718
41 41 23.0874
41 42 23.7125
41 43 24.347
41 44 24.991
41 45 25.6445
41 46 26.3074
41 47 26.9798
41 48 27.6616
41 49 28.3529
41 50 0
42 0 0
42 1 6.57941
42 2 6.82654
42 3 7.09624
42 4 7.37543
42 5 7.66409
42 6 7.96218
42 7 8.26976
42 8 8.58679
42 9 8.91327
42 10 9.24923
42 11 9.59464
42 12 9.9495
42 13 10.3138
42 14 10.6876
42 15 11.0709
42 16 11.4636
42 17 11.8658
42 18 12.2774
42 19 12.6985
42 20 13.1291
42 21 13.5691
42 22 14.0185
42 23 14.4775
42 24 14.9459
42 25 15.4237
42 26 15.9111
42 27 16.4078
42 28 16.9141
42 29 17.4298
42 30 17.9549
42 31 18.4896
42 32 19.0336
42 33 19.5872
42 34 20.1502
42 35 20.7226
42 36 21.3045
42 37 21.8959
42 38 22.4968
42 39 23.1071
42 40 23.7269
42 41 24.3561
42 42 24.9948
42 43 25.6429
42 44 26.3005
42 45 26.9676
42 46 27.6441
42 47 28.3301
42 48 29.0255
42 49 29.7304
42 50 0
43 0 0
43 1 7.34704
43 2 7.60707
43 3 7.89038
43 4 8.18317
43 5 8.48544
43 6 8.79714
43 7 9.11832
43 8 9.44896
43 9 9.78904
43 10 10.1386
43 11 10.4976
43 12 10.8661
43 13 11.244
43 14 11.6315
43 15 12.0283
43 16 12.4346
43 17 12.8504
43 18 13.2756
43 19 13.7103
43 20 14.1545
43 21 14.6081
43 22 15.0712
43 23 15.5438
43 24 16.0257
43 25 16.5172
43 26 17.0182
43 27 17.5285
43 28 18.0484
43 29 18.5777
43 30 19.1164
43 31 19.6647
43 32 20.2224
43 33 20.7895
43 34 21.3661
43 35 21.9522
43 36 22.5477
43 37 23.1527
43 38 23.7672
43 39 24.3911
43 40 25.0245
43 41 25.6673
43 42 26.3196
43 43 26.9813
43 44 27.6525
43 45 28.3332
43 46 29.0234
43 47 29.7229
43 48 30.432
43 49 31.1505
43 50 0
44 0 0
44 1 8.15722
44 2 8.43014
44 3 8.72706
44 4 9.03346
44 5 9.34933
44 6 9.67464
44 7 10.0094
44 8 10.3537
44 9 10.7074
44 10 11.0705
44 11 11.4432
44 12 11.8252
44 13 12.2168
44 14 12.6178
44 15 13.0283
44 16 13.4482
44 17 13.8776
44 18 14.3164
44 19 14.7647
44 20 15.2225
44 21 15.6897
44 22 16.1664
44 23 16.6526
44 24 17.1482
44 25 17.6533
44 26 18.1678
44 27 18.6918
44 28 19.2252
44 29 19.7682
44 30 20.3205
44 31 20.8824
44 32 21.4537
44 33 22.0344
44 34 22.6246
44 35 23.2243
44 36 23.8334
44 37 24.4521
44 38 25.0801
44 39 25.7176
44 40 26.3646
44 41 27.021
44 42 27.6869
44 43 28.3623
44 44 29.0471
44 45 29.7414
44 46 30.4452
44 47 31.1583
44 48 31.881
44 49 32.6131
44 50 0
45 0 0
45 1 9.00998
45 2 9.29579
45 3 9.60631
45 4 9.92632
45 5 10.2558
45 6 10.5947
45 7 10.9431
45 8 11.301
45 9 11.6683
45 10 12.045
45 11 12.4313
45 12 12.827
45 13 13.2321
45 14 13.6467
45 15 14.0708
45 16 14.5043
45 17 14.9473
45 18 15.3998
45 19 15.8617
45 20 16.3331
45 21 16.8139
45 22 17.3042
45 23 17.804
45 24 18.3132
45 25 18.8319
45 26 19.36
45 27 19.8976
45 28 20.4447
45 29 21.0012
45 30 21.5672
45 31 22.1426
45 32 22.7275
45 33 23.3219
45 34 23.9257
45 35 24.539
45 36 25.1617
45 37 25.794
45 38 26.4356
45 39 27.0867
45 40 27.7473
45 41 28.4174
45 42 29.0969
45 43 29.7859
45 44 30.4843
45 45 31.1922
45 46 31.9095
45 47 32.6363
45 48 33.3726
45 49 34.1183
45 50 0
46 0 0
46 1 9.90528
46 2 10.204
46 3 10.5281
46 4 10.8617
46 5 11.2048
46 6 11.5573
46 7 11.9194
46 8 12.2908
46 9 12.6717
46 10 13.0621
46 11 13.462
46 12 13.8712
46 13 14.29
46 14 14.7182
46 15 15.1559
46 16 15.6031
46 17 16.0597
46 18 16.5257
46 19 17.0012
46 20 17.4862
46 21 17.9807
46 22 18.4846
46 23 18.9979
46 24 19.5207
46 25 20.0531
46 26 20.5948
46 27 21.146
46 28 21.7067
46 29 22.2768
46 30 22.8564
46 31 23.4454
46 32 24.044
46 33 24.6519
46 34 25.2694
46 35 25.8962
46 36 26.5326
46 37 27.1784
46 38 27.8337
46 39 28.4984
46 40 29.1726
46 41 29.8563
46 42 30.5494
46 43 31.252
46 44 31.964
46 45 32.6855
46 46 33.4164
46 47 34.1569
46 48 34.9067
46 49 35.666
46 50 0
47 0 0
47 1 10.8431
47 2 11.1547
47 3 11.4925
47 4 11.8397
47 5 12.1964
47 6 12.5625
47 7 12.9381
47 8 13.3232
47 9 13.7177
47 10 14.1217
47 11 14.5352
47 12 14.9581
47 13 15.3904
47 14 15.8323
47 15 16.2835
47 16 16.7443
47 17 17.2145
47 18 17.6942
47 19 18.1833
47 20 18.6819
47 21 19.1899
47 22 19.7075
47 23 20.2344
47 24 20.7709
47 25 21.3168
47 26 21.8721
47 27 22.4369
47 28 23.0112
47 29 23.5949
47 30 24.1881
47 31 24.7908
47 32 25.4029
47 33 26.0245
47 34 26.6555
47 35 27.296
47 36 27.946
47 37 28.6054
47 38 29.2743
47 39 29.9526
47 40 30.6404
47 41 31.3377
47 42 32.0444
47 43 32.7606
47 44 33.4862
47 45 34.2213
47 46 34.9659
47 47 35.7199
47 48 36.4834
47 49 37.2563
47 50 0
48 0 0
48 1 11.8236
48 2 12.1481
48 3 12.4994
48 4 12.8602
48 5 13.2305
48 6 13.6103
48 7 13.9995
48 8 14.3982
48 9 14.8063
48 10 15.2239
48 11 15.651
48 12 16.0875
48 13 16.5334
48 14 16.9889
48 15 17.4538
48 16 17.9281
48 17 18.4119
48 18 18.9052
48 19 19.408
48 20 19.9202
48 21 20.4418
48 22 20.9729
48 23 21.5135
48 24 22.0635
48 25 22.6231
48 26 23.192
48 27 23.7704
48 28 24.3583
48 29 24.9557
48 30 25.5624
48 31 26.1787
48 32 26.8045
48 33 27.4396
48 34 28.0843
48 35 28.7384
48 36 29.4019
48 37 30.075
48 38 30.7575
48 39 31.4494
48 40 32.1508
48 41 32.8617
48 42 33.582
48 43 34.3118
48 44 35.0511
48 45 35.7998
48 46 36.558
48 47 37.3256
48 48 38.1027
48 49 38.8892
48 50 0
49 0 0
49 1 12.8464
49 2 13.1837
49 3 13.5487
49 4 13.9231
49 5 14.307
49 6 14.7004
49 7 15.1032
49 8 15.5155
49 9 15.9372
49 10 16.3684
49 11 16.8091
49 12 17.2592
49 13 17.7188
49 14 18.1878
49 15 18.6663
49 16 19.1543
49 17 19.6517
49 18 20.1586
49 19 20.6749
49 20 21.2007
49 21 21.736
49 22 22.2807
49 23 22.8349
49 24 23.3985
49 25 23.9716
49 26 24.5542
49 27 25.1462
49 28 25.7477
49 29 26.3587
49 30 26.9791
49 31 27.6089
49 32 28.2483
49 33 28.897
49 34 29.5553
49 35 30.223
49 36 30.9002
49 37 31.5868
49 38 32.2829
49 39 32.9885
49 40 33.7035
49 41 34.428
49 42 35.1619
49 43 35.9053
49 44 36.6581
49 45 37.4204
49 46 38.1922
49 47 38.9735
49 48 39.7642
49 49 40.5643
49 50 0
50 0 0
50 1 0
50 2 0
50 3 0
50 4 0
50 5 0
50 6 0
50 7 0
50 8 0
50 9 0
50 10 0
50 11 0
50 12 0
50 13 0
50 14 0
50 15 0
50 16 0
50 17 0
50 18 0
50 19 0
50 20 0
50 21 0
50 22 0
50 23 0
50 24 0
50 25 0
50 26 0
50 27 0
50 28 0
50 29 0
50 30 0
50 31 0
50 32 0
50 33 0
50 34 0
50 35 0
50 36 0
50 37 0
50 38 0
50 39 0
50 40 0
50 41 0
50 42 0
50 43 0
50 44 0
50 45 0
50 46 0
50 47 0
50 48 0
50 49 0
50 50 0
